0.37519248978045977	0.332690378298706	0.07934787633615902	0.022967428981953187	0.0022310064331704845	5.8751091149574264e-6
0.005369640461953998	0.006249911961252554	0.04153505403805741	0.017558697931235927	0.0026107647079184736	1.3890998267286143e-5
0.004652214970650775	0.005585053468720772	0.043558715554808884	0.02098857816738101	0.0037827919751689276	3.0432129920446437e-5
0.0043609470196636895	0.005375101322134928	0.04598196085371572	0.024968090630288025	0.005493401869146932	6.6115851211926e-5
0.004059095070971487	0.0051600443392285315	0.04634296372066536	0.027587725538363625	0.007026561332970727	0.0001192030492592746
0.003884850020389877	0.005077041638835113	0.04635748985027869	0.029908666860654833	0.008734013787640493	0.00020360769153152344
0.0037987812916376726	0.005121081793290756	0.04713246730571693	0.03276374617042056	0.010802071706958016	0.00033355092504757343
0.003634024651680463	0.005091048983011518	0.04568968623638998	0.03398085367396625	0.012525029185985968	0.0005048863257232069
0.0035883227924836084	0.005220925024660284	0.04525071770393727	0.03549856748819919	0.014245337739796969	0.0007211128506129454
0.0035165970302248263	0.005358717384952082	0.04391805612184351	0.036338813319106086	0.01592146259813386	0.0010044555512993896
0.003451293351613869	0.0055771036726404676	0.04259244002561918	0.03716902215409356	0.017714677093100057	0.0013698175734124295
0.0033897527177883494	0.0058894257640334045	0.04090513394867775	0.03745709606446191	0.019236322894776163	0.0017970953655578306
0.0033491519160599834	0.006342589898320983	0.03898032263793877	0.03734189758542594	0.020633323650475058	0.002313269740811543
0.003360361847996083	0.0070732979019370035	0.03773696020225604	0.037794538060562696	0.022344159384657888	0.002959101478498993
0.0033165889768532906	0.007944824393012286	0.03580798051145751	0.037458911873250754	0.023462080175207987	0.003615907371243768
0.003324036330364627	0.009101060985736948	0.033750790354727604	0.03673597030455968	0.024385007097612203	0.00436498041822301
0.0033192335097400267	0.01055325356408331	0.032161079350755045	0.036590579305290735	0.025464948371659833	0.005156283661928124
0.003262975451123613	0.012151467646696808	0.029950237586248728	0.0358008005893761	0.02605908548689299	0.005895689946082918
0.003199383567368203	0.013978654997387778	0.027665718286384092	0.035057912706262	0.02679866120774312	0.006684056642343701
0.003166187872298906	0.015957337585754173	0.02506877120560752	0.03363756474150884	0.027175201859633187	0.007491439721804327
0.0031921351415914265	0.018195556925178765	0.02287627639934369	0.03242984993923011	0.027659446909302783	0.00837719767329749
0.0032071380859995786	0.020408014922461623	0.02048796770031142	0.030779413994519448	0.02781127737118318	0.009224315529967617
0.0032322197715810254	0.022578269822538945	0.01813918609122545	0.02902599825004557	0.02799482098482249	0.010124642373286129
0.003283582522565954	0.024636608128221767	0.015973168003885874	0.02723037865190132	0.028086864161893137	0.011025461209997405
0.0033960628810278237	0.026596195787395013	0.014024451269048598	0.02536059661459658	0.028077779043061475	0.012006038403749015
0.0034542940909250523	0.028022330892541743	0.011966901493125242	0.02332331356039094	0.028003636059824248	0.012861366087111905
0.0036045268398579586	0.029094030941744637	0.010361336224341117	0.021381958520447795	0.027651303673921684	0.013728616754773841
0.0038003259890836217	0.029776485483993257	0.008921366607184792	0.019465578534817677	0.027231724333556986	0.014645260368642905
0.00402635234494923	0.029930627958603122	0.007598410946953762	0.017553889148063495	0.02667500945137209	0.015521180692823457
0.004265586401604814	0.029537169882681413	0.006497721147169658	0.01589009498216889	0.02605443093996271	0.016221522737634938
0.004581593481834328	0.028909743240426302	0.005555292259009262	0.014342867618110704	0.025531057878951935	0.017084064378513078
0.004945350182442927	0.02780374608040496	0.004676769790238337	0.012732087685600588	0.0247252320585745	0.017862367381851093
0.005376581911246979	0.0263127137212849	0.00391833290369327	0.011236925738389018	0.02387998690238403	0.01862908314126227
0.0058780537769429425	0.024617155015911864	0.003322775195652107	0.010001936110737637	0.02306260623818487	0.019286810272962363
0.006389935423562859	0.02255678439962943	0.002736761490709962	0.008711671563670816	0.02213105686007904	0.019876151671221982
0.0070786957903197145	0.020590209737599417	0.002342509836289762	0.007723120431498201	0.02118279631207456	0.02051129945024063
0.007749805707890908	0.01835364862877939	0.0019055593449360695	0.0066308054911211655	0.020140562632247862	0.021024127598315807
0.008602025832860467	0.01627874508396503	0.001606573602027888	0.0058013171704324115	0.01918027753324366	0.021581046357332285
0.009559484712439266	0.014298382107176853	0.001352588013328136	0.005061009121139623	0.01815162891994129	0.022012561189850663
0.010535924299116999	0.012316860195509169	0.0011020141978578537	0.00432312250558979	0.017119218271405254	0.022387791909100434
0.011567744044838395	0.010485816803616144	0.000915605220597628	0.003733765676484215	0.01612197840539942	0.022609099870379647
0.012621716070594688	0.00880743934166697	0.0007529969934321535	0.003196996561238167	0.015137723961842329	0.0227935121309771
0.01378502025516468	0.007317473627691794	0.0006222580759161364	0.002728393443225926	0.014121595194629346	0.022979538309470464
0.014912811099944103	0.005996697592831847	0.0005076480746842976	0.002318550811693473	0.013203848633189833	0.02304977369158292
0.016079479811522017	0.004862433574710962	0.00041671743053704107	0.001968319385492936	0.01228429406673265	0.023079655766806866
0.017176191002756497	0.003906524207767839	0.0003433799231535876	0.0016792769366105475	0.011441767132790081	0.022978907655830237
0.018106923135500455	0.003073998749043143	0.00027264013617903874	0.001393313406111029	0.010584284948947899	0.02285013926102784
0.018975896416901575	0.002395712373323038	0.00022148939069116546	0.0011705088120454224	0.009794081168520232	0.022653758702079665
0.01965014579980539	0.0018348507726061451	0.0001776035255611223	0.0009702466138624058	0.0089769416148193	0.022316112129137897
0.020226076028532967	0.0013944203194080742	0.00014372124841266224	0.0008107667456307371	0.008278014468198782	0.022022918929781463
0.02051523294037789	0.0010368733559305893	0.00011233632324198003	0.0006595002851223153	0.0075651037501727495	0.021621071585091897
0.020727245428599113	0.000766627388913694	9.103911479780986e-5	0.0005478566206244378	0.006920346985364608	0.0211879499870492
0.0205845196678531	0.0005537033103471511	7.08215832844742e-5	0.00044178794784176446	0.006271715119274041	0.020633539931457997
0.020265655308142054	0.0003954209521890792	5.608337619730074e-5	0.00036005314533503577	0.005700616177859497	0.02008313089649135
0.0197175536493798	0.0002773729252694571	4.348279131153313e-5	0.00028848550775410195	0.0051579733726358976	0.01950549647294885
0.01900202809910291	0.00019256156482651583	3.43710948757492e-5	0.00023357228231268693	0.0046572950890433435	0.018836466547851236
0.01815082839891499	0.0001326150932049374	2.7062804053175372e-5	0.00018897704183353965	0.004220631264134358	0.018199206835324926
0.01708115737139214	8.938904292616529e-5	2.0701638228535197e-5	0.00014903676208270693	0.0037816384629695485	0.01749129970439045
0.01589580581836034	5.978678330519958e-5	1.6265829461823405e-5	0.00011982992318786408	0.0034041811191221584	0.01673276882473594
0.014607555187702537	3.902098861191946e-5	1.2286367256709509e-5	9.293560318584031e-5	0.0030191485074116797	0.015994908146118068
0.013351490133650381	2.5396962178651694e-5	9.627113625548406e-6	7.422323990966537e-5	0.0027097362697400358	0.01526167461284076
0.01219155764371441	1.66315096245513e-5	7.662339580257694e-6	6.013835592766364e-5	0.0024498614046827272	0.014597855310061936
0.010923659107709377	1.0557702828044245e-5	5.692325037742349e-6	4.596090603437253e-5	0.0021580540470409713	0.013840065921550456
0.009672742889534519	6.590669419882737e-6	4.332728728740691e-6	3.561682629091734e-5	0.001902411383318475	0.01305870451865356
0.00858713130777462	4.188157476482579e-6	3.463806054709349e-6	2.8965436047413012e-5	0.0017300433087145159	0.012427542987183602
0.007467091216161966	2.5469678488020934e-6	2.526431796597089e-6	2.1520959101259754e-5	0.0014860101363192223	0.011640860812907501
0.006463660132605279	1.5570175216976102e-6	1.963505334920917e-6	1.7024566412514827e-5	0.0013317533138308758	0.010977190912011983
0.005489582204947957	9.181896860733101e-7	1.439388228858962e-6	1.266664131737984e-5	0.0011440410990546045	0.010216170566812652
0.004659350669320438	5.441264320854736e-7	1.1145685645074754e-6	9.909067925549121e-6	0.0010136007964303244	0.009580969833972898
0.0038910090976501215	3.148535741163385e-7	8.266999281028316e-7	7.4521002445770656e-6	0.0008772699457787419	0.008894352503943796
0.0032225952217796133	1.7986993599015657e-7	6.148027666143138e-7	5.6222440537195805e-6	0.0007658025734958189	0.008281983474885905
0.0026719466445885407	1.0384193064721475e-7	4.763835048332861e-7	4.389022831624437e-6	0.0006779235734478979	0.007717420472597296
0.0022003019792611964	5.9445853907836563e-8	3.611649099372919e-7	3.351539409944202e-6	0.000589848169462538	0.007156747860355469
0.0017777492983873245	3.296978548458066e-8	2.6065841350850624e-7	2.4570999170915077e-6	0.0005060169962368113	0.006598661187430216
0.001422893817399714	1.8061465645416803e-8	1.9300563526398867e-7	1.8344279943749136e-6	0.00043739759104712255	0.006073466313708364
0.001137627206126146	9.94904540202776e-9	1.4660737202139998e-7	1.4011688326468747e-6	0.0003829895924642964	0.005605224471612148
0.0009004928019321918	5.392030445935783e-9	1.0804145737738221e-7	1.0387119339567314e-6	0.00032881717050508934	0.005141585823997825
0.0007047588331089687	2.879999828353772e-9	7.976187697691056e-8	7.699484711211197e-7	0.00028174231541493953	0.004694971489689495
0.0005452072092504509	1.4972815251387526e-9	5.753096769497845e-8	5.563034842523576e-7	0.00023758474939395688	0.004276740151030763
0.00041740627682159234	7.645450094010601e-10	4.1581948469131466e-8	4.0326782197519075e-7	0.00020183330786350027	0.0038884116572577747
0.00032584770577617875	4.062933407700835e-10	3.208743933793208e-8	3.1311918694085635e-7	0.0001815689052954732	0.0036194000754082244
0.0002466218719080814	2.0738567583462789e-10	2.2788767513304347e-8	2.229670373409633e-7	0.00015154317998315465	0.003239511395294268
0.0001866925021822303	1.0503734828273452e-10	1.6806049863697474e-8	1.6312266988031132e-7	0.00012819013624614827	0.00293865868947575
0.00014048825010902111	5.244307534595942e-11	1.192380917828169e-8	1.1667682322227543e-7	0.00010982486325347325	0.002681771614481467
0.00010617116898764123	2.626496495421013e-11	8.953211732376508e-9	8.625730369449097e-8	9.280570810077921e-5	0.00242178253269925
7.930152040341537e-5	1.3025708207675574e-11	6.507143880194202e-9	6.27027677207899e-8	7.898809531126827e-5	0.0021837801579664973
5.880769404222653e-5	6.370913372597377e-12	4.718159663686509e-9	4.5151782142645804e-8	6.632138431266638e-5	0.001963164249575445
4.346096603011557e-5	3.166740942094371e-12	3.5351129748990144e-9	3.384711235546133e-8	5.772460412015229e-5	0.0017716237627084515
3.2092352508789774e-5	1.561899169690631e-12	2.5557873821014915e-9	2.443728088410581e-8	4.9113104554963234e-5	0.0016054712357260145
2.2892477048410757e-5	7.198755711579719e-13	1.7481900492233183e-9	1.6451918911832302e-8	3.876380567648184e-5	0.0014007683396124635
1.646859702878525e-5	3.407294736034766e-13	1.3191213006643746e-9	1.228892577069005e-8	3.3424987492557056e-5	0.001257227322621114
1.1811882403914056e-5	1.6185411590924053e-13	9.632664160236252e-10	8.949965674196256e-9	2.8550188114181827e-5	0.0011279462876282
8.184988875080825e-6	7.181222720450223e-14	6.574408645937398e-10	5.9908082371362154e-9	2.2338082815025164e-5	0.0009759647428314917
5.692748185138963e-6	3.262533474587458e-14	4.857170741148737e-10	4.404607038847885e-9	1.9272320151581052e-5	0.0008704516279748314
3.891580451294537e-6	1.4385020153688065e-14	3.426991906944767e-10	3.0571257931816392e-9	1.5626989710822746e-5	0.0007586618707011391
2.693881709215421e-6	6.5975163537376236e-15	2.599479277105582e-10	2.30378281967681e-9	1.3670682679827351e-5	0.0006787982565441787
1.78655063136099e-6	2.7150833212920715e-15	1.671380307473838e-10	1.4506105533064572e-9	1.0284802455629543e-5	0.0005790552907452063
1.237942414044867e-6	1.2401942998460283e-15	1.35691665258821e-10	1.1770689466224295e-9	9.662962373042327e-6	0.0005280420000857082
8.214491564342411e-7	4.941009921375506e-16	8.784648917741408e-11	7.393989497367634e-10	7.143257527484576e-6	0.0004483596031668956
5.446662412556651e-7	1.8484460588287594e-16	6.34633036134e-11	5.255090063126444e-10	5.94923955129698e-6	0.00039181953648210224
3.6189283992477516e-7	5.677387221913382e-17	4.6536753618179234e-11	3.8417222032545343e-10	5.157087358957315e-6	0.00034545698096350195
2.416200686909828e-7	1.2044717822443994e-18	3.377742692610968e-11	2.7287137832105606e-10	4.253339397307669e-6	0.0003024197802430656
1.6111585632874146e-7	-2.3215849732277578e-17	2.4590197727489277e-11	1.9694907369367074e-10	3.6050655135263286e-6	0.0002660990614734915
1.0345839317217261e-7	-3.090137326646853e-17	1.6057276436745203e-11	1.2487666246976402e-10	2.6962957616744878e-6	0.00022491994484648671
6.669162200996871e-8	-3.507467710905111e-17	1.167228224121925e-11	8.995147832045556e-11	2.3083569221121565e-6	0.00019662432484024697
4.250009239402535e-8	-3.510567701162902e-17	8.08362001934934e-12	5.989105460719723e-11	1.771079135779203e-6	0.00016722498422391745
2.6449893921049645e-8	-3.443061926615314e-17	5.5130193848025486e-12	4.04360854771587e-11	1.4422965127473823e-6	0.00014298893437650334
1.6480758780481237e-8	-3.433999139492848e-17	3.9076627624290954e-12	2.7944067754394232e-11	1.1756137677895206e-6	0.00012264057525893075
1.0118104434693216e-8	-3.299002580215186e-17	2.66601234007423e-12	1.8428938434913302e-11	9.096778172363022e-7	0.00010335615449116844
6.289020769337506e-9	-3.376579829694049e-17	1.940838212922899e-12	1.3165775494038573e-11	7.698965586905507e-7	8.970145082509401e-5
3.765528027354278e-9	-3.0804603317147466e-17	1.2366697650176555e-12	8.071369765201311e-12	5.590778435896667e-7	7.406927526926422e-5
2.3051363448830535e-9	-3.1524452838922734e-17	9.022073605480532e-13	5.764204314521125e-12	4.773102217322638e-7	6.423540404728125e-5
1.4015427455866965e-9	-3.1890603715636585e-17	6.340399710521771e-13	3.9476230801852805e-12	3.8712885807794465e-7	5.45051995552019e-5
8.539371604076838e-10	-3.1385694845465583e-17	4.334177261541458e-13	2.613454798117221e-12	3.046086788124537e-7	4.646015181242613e-5
5.129908290637994e-10	-3.034144868167264e-17	2.948584139427167e-13	1.719570408053222e-12	2.3723890201678236e-7	3.898852584461034e-5
3.0966523642403485e-10	-3.025845708991301e-17	2.0701107043338586e-13	1.171204014071631e-12	1.9177679202391153e-7	3.325318842679509e-5
1.8212316713878781e-10	-2.8627664112682984e-17	1.3629572798683874e-13	7.448087794679705e-13	1.4541371905451183e-7	2.765477878884839e-5
1.0845334905566615e-10	-2.873692502759907e-17	9.728796949599537e-14	5.127331135892215e-13	1.183509979033566e-7	2.380533156004048e-5
6.398783198760204e-11	-2.867772703948951e-17	6.944187460018898e-14	3.521458275321951e-13	9.663131819093374e-8	2.1000697540362113e-5
3.76144595542821e-11	-2.76470176071126e-17	5.627182080686879e-14	2.6056504687127096e-13	8.417225955823707e-8	2.080281901504777e-5
