0.64922	0.66088	0.56666	0.66306	0.51516	0.44434	0.67912	0.45344	0.4522	0.39124	0.36062	0.51072	0.38152	0.42926	0.37554	0.52306	0.382	0.47736	0.43454	0.33608	0.08358	0.03224	0.02492	0.12396	0.27818	0.01948	0.18902	0.02338	0.2049	0.02286	0.00234	0.00018	0.00044	0.00252	0.00342	2.0e-5	0.00304	0.00016	0.0098	0.00202	0.00038	0.00102	0.00052	0.01034	0.00288	0.0001	0.00626	0.00036	0.00764	0.00014
0.00078	0.00072	0.00106	0.00068	0.00116	0.0012	0.00118	0.00176	0.00176	0.00102	0.0013	0.0017	0.00068	0.0011	0.0017	0.0015	0.00192	0.001	0.00188	0.00108	0.04906	0.02366	0.01696	0.0623	0.07358	0.02234	0.0602	0.02368	0.07822	0.01776	0.00412	0.00044	0.00176	0.00224	0.00446	8.0e-5	0.00358	0.0002	0.01446	0.00228	0.00096	0.00178	0.00108	0.01382	0.00418	0.0002	0.0084	0.00078	0.01008	0.0002
0.00102	0.0007	0.0008	0.00076	0.00108	0.0012	0.00096	0.00126	0.00148	0.00094	0.00116	0.00162	0.00062	0.00094	0.00122	0.0015	0.00206	0.00076	0.00206	0.00118	0.05596	0.02714	0.0195	0.06324	0.06736	0.02898	0.05896	0.02638	0.07488	0.0213	0.00702	0.00046	0.0025	0.00254	0.00666	0.00012	0.00506	0.00016	0.0191	0.0034	0.00108	0.00382	0.00154	0.01906	0.00694	0.00034	0.01258	0.00118	0.01346	0.00042
0.00082	0.00076	0.00098	0.00084	0.00088	0.00134	0.00088	0.0011	0.0019	0.00092	0.00126	0.00182	0.00076	0.00132	0.00126	0.00166	0.0024	0.00094	0.0015	0.00084	0.05642	0.0316	0.02092	0.06382	0.06198	0.03514	0.05566	0.0331	0.0712	0.02426	0.01046	0.00068	0.00418	0.0035	0.00912	6.0e-5	0.0063	0.00034	0.02632	0.00402	0.0017	0.00536	0.0028	0.0238	0.01044	0.00054	0.01442	0.00176	0.0177	0.00048
0.00078	0.00072	0.00094	0.00088	0.00124	0.00136	0.00066	0.00128	0.00192	0.00088	0.00146	0.00184	0.00058	0.00094	0.00126	0.0015	0.00206	0.0008	0.00186	0.0012	0.05768	0.0351	0.02414	0.06332	0.05726	0.04204	0.05308	0.03962	0.06632	0.02724	0.01446	0.00122	0.00676	0.00374	0.01102	0.0003	0.00794	0.00054	0.03132	0.00442	0.00236	0.00782	0.00356	0.02992	0.01228	0.00106	0.01816	0.00216	0.02164	0.00064
0.00096	0.00066	0.00086	0.0009	0.00128	0.0013	0.00078	0.00136	0.00184	0.00108	0.0013	0.002	0.00068	0.00086	0.0015	0.00136	0.00234	0.00104	0.00198	0.00098	0.05646	0.03706	0.02724	0.05914	0.05394	0.04402	0.05322	0.0416	0.0594	0.02958	0.01846	0.0017	0.00924	0.004	0.01298	0.00026	0.00906	0.00052	0.03676	0.00578	0.00266	0.0106	0.00498	0.03254	0.0151	0.0011	0.02084	0.0026	0.02588	0.00104
0.00078	0.0007	0.00096	0.00064	0.00112	0.00126	0.00074	0.0014	0.00178	0.00098	0.00134	0.00154	0.00074	0.00106	0.00124	0.00146	0.00224	0.001	0.00222	0.0012	0.05294	0.03906	0.02886	0.05758	0.04734	0.0489	0.0492	0.04414	0.05686	0.03076	0.02252	0.00206	0.01212	0.00536	0.01586	0.00042	0.01046	0.0007	0.04268	0.007	0.0036	0.01296	0.00594	0.0377	0.0192	0.00152	0.0255	0.0034	0.02934	0.00188
0.00072	0.00086	0.00092	0.00084	0.00086	0.00148	0.00086	0.00134	0.002	0.00088	0.00132	0.00202	0.00052	0.00098	0.00172	0.00142	0.00172	0.00094	0.00192	0.00106	0.05242	0.04032	0.03088	0.0529	0.04246	0.05176	0.04524	0.04372	0.04982	0.03346	0.02616	0.00256	0.01516	0.00682	0.0193	0.00068	0.0121	0.00108	0.047	0.00792	0.00488	0.01658	0.00762	0.03894	0.02166	0.00234	0.02942	0.00322	0.03228	0.00212
0.00078	0.00058	0.00074	0.00064	0.00092	0.00096	0.00072	0.00126	0.0017	0.00084	0.00148	0.0022	0.00084	0.00126	0.0013	0.00158	0.0024	0.0007	0.00188	0.0009	0.0513	0.04072	0.03022	0.0492	0.03972	0.05314	0.04228	0.04694	0.04526	0.03498	0.03048	0.003	0.0175	0.00742	0.02172	0.00066	0.01356	0.00132	0.04806	0.00936	0.00558	0.02006	0.0098	0.04332	0.02442	0.00264	0.03102	0.00542	0.03444	0.00246
0.0009	0.00064	0.00066	0.00086	0.00104	0.00134	0.00088	0.00146	0.00166	0.00086	0.00116	0.00172	0.00066	0.00106	0.00222	0.00152	0.00264	0.00102	0.00212	0.00122	0.0505	0.04206	0.03048	0.04546	0.03512	0.05482	0.0401	0.04888	0.0392	0.03646	0.03344	0.0036	0.022	0.0091	0.02346	0.00086	0.0158	0.00118	0.05038	0.0099	0.00634	0.02214	0.0108	0.04476	0.02856	0.00378	0.03452	0.00596	0.03676	0.0031
0.00072	0.00052	0.00122	0.00048	0.0011	0.00088	0.0008	0.00144	0.00186	0.0011	0.00128	0.0017	0.00078	0.00096	0.00286	0.00152	0.00362	0.00102	0.00216	0.00088	0.04426	0.04178	0.03334	0.04082	0.03054	0.05076	0.03636	0.04704	0.03572	0.03676	0.03696	0.00474	0.02476	0.0101	0.02474	0.00104	0.01774	0.00138	0.05204	0.01112	0.00786	0.02534	0.01272	0.04746	0.03018	0.00394	0.0361	0.0069	0.03844	0.00454
0.00078	0.00064	0.00092	0.00086	0.00116	0.0011	0.00086	0.00156	0.0022	0.00114	0.00132	0.00214	0.0007	0.00082	0.00414	0.00122	0.00452	0.00094	0.00252	0.00102	0.04038	0.0412	0.03412	0.0381	0.02648	0.04956	0.03312	0.04746	0.03106	0.0372	0.03808	0.00486	0.02804	0.00914	0.02746	0.00116	0.0179	0.00208	0.04914	0.01172	0.00878	0.02864	0.0138	0.04756	0.03342	0.0046	0.03616	0.00782	0.03884	0.00436
0.0008	0.0007	0.001	0.00082	0.00102	0.00086	0.0009	0.00152	0.0028	0.00092	0.0013	0.0019	0.0006	0.00088	0.00496	0.00156	0.00542	0.00094	0.00228	0.00098	0.03868	0.03966	0.03404	0.03538	0.02448	0.04864	0.02936	0.04522	0.02674	0.03748	0.0431	0.00718	0.03082	0.01064	0.02986	0.00152	0.02068	0.0025	0.05114	0.01376	0.01038	0.03128	0.01628	0.04686	0.03512	0.0058	0.03868	0.0091	0.0404	0.00572
0.0006	0.00068	0.00106	0.00088	0.00124	0.00136	0.00098	0.00166	0.00322	0.00088	0.00156	0.00188	0.00082	0.00104	0.00694	0.00154	0.00758	0.00082	0.00308	0.00098	0.03576	0.03884	0.03324	0.03304	0.02016	0.04728	0.02728	0.04342	0.0235	0.03584	0.045	0.00696	0.03266	0.0112	0.03214	0.00198	0.02144	0.00322	0.04936	0.0143	0.0119	0.0335	0.01874	0.0443	0.03662	0.00672	0.03944	0.0102	0.04116	0.0061
0.00084	0.00072	0.001	0.00098	0.00108	0.0013	0.00084	0.00126	0.00326	0.00078	0.00152	0.00192	0.00074	0.00086	0.01004	0.0019	0.01064	0.00108	0.00406	0.00132	0.03274	0.03764	0.0319	0.02752	0.0177	0.04416	0.02566	0.04102	0.02086	0.03648	0.04276	0.00798	0.03634	0.0131	0.03344	0.00212	0.02324	0.00262	0.04902	0.01602	0.0124	0.03494	0.02064	0.04446	0.03922	0.00798	0.03904	0.01136	0.0408	0.00806
0.00052	0.00052	0.00102	0.00102	0.0011	0.00144	0.00068	0.00176	0.00494	0.00088	0.00162	0.00202	0.00066	0.00088	0.01326	0.00128	0.01302	0.00114	0.00474	0.00108	0.02976	0.03648	0.03322	0.0242	0.01694	0.04024	0.02362	0.03844	0.01792	0.03576	0.04544	0.009	0.0362	0.0129	0.03352	0.00218	0.0222	0.00376	0.04368	0.01724	0.01412	0.03662	0.02142	0.04524	0.0368	0.00816	0.03904	0.01256	0.0408	0.00896
0.00094	0.00072	0.00098	0.00062	0.00108	0.0014	0.00084	0.00154	0.00622	0.00078	0.00238	0.00352	0.00064	0.00128	0.01724	0.00152	0.01706	0.0009	0.00592	0.00122	0.02546	0.03392	0.03152	0.02192	0.0149	0.03806	0.02134	0.03688	0.01566	0.0345	0.04526	0.01086	0.03982	0.01452	0.03214	0.00324	0.02534	0.00368	0.04216	0.01828	0.01494	0.03932	0.02356	0.0416	0.03802	0.00968	0.03882	0.01416	0.03956	0.01
0.00076	0.00064	0.00082	0.00074	0.00156	0.00122	0.0008	0.0017	0.00776	0.00098	0.00218	0.00382	0.00072	0.0011	0.02226	0.00148	0.02238	0.00096	0.00866	0.00114	0.02352	0.03358	0.03144	0.01834	0.0125	0.03474	0.0178	0.03412	0.01256	0.0333	0.04322	0.01104	0.03852	0.01552	0.03514	0.00348	0.02574	0.00416	0.0386	0.01934	0.0166	0.03972	0.02532	0.03854	0.03842	0.0106	0.03794	0.0152	0.03818	0.01244
0.00092	0.00094	0.00114	0.0008	0.00122	0.00132	0.00076	0.0016	0.00968	0.00084	0.00242	0.00436	0.00094	0.00136	0.02692	0.00186	0.02546	0.0011	0.0114	0.001	0.02156	0.03066	0.03028	0.01648	0.01072	0.03096	0.0169	0.03094	0.01082	0.03232	0.04374	0.012	0.03996	0.0156	0.03292	0.00386	0.02728	0.00472	0.03434	0.01982	0.01744	0.0376	0.02568	0.03626	0.03896	0.01072	0.03812	0.0163	0.03752	0.01276
0.00092	0.00046	0.00074	0.00086	0.00112	0.00126	0.00112	0.0019	0.01376	0.00092	0.00332	0.00614	0.00068	0.00092	0.02948	0.00174	0.03032	0.00076	0.01332	0.001	0.01896	0.02872	0.02926	0.01522	0.00946	0.02844	0.0144	0.02966	0.01024	0.0305	0.04176	0.01334	0.0411	0.01674	0.0352	0.00436	0.02706	0.00492	0.03304	0.02084	0.01808	0.03756	0.02644	0.0328	0.0378	0.01286	0.03724	0.01702	0.03486	0.01332
0.00096	0.00066	0.0008	0.00076	0.00114	0.00158	0.00094	0.00228	0.01602	0.00112	0.00462	0.00742	0.0007	0.00096	0.03608	0.00184	0.03526	0.0009	0.01672	0.00128	0.017	0.02666	0.02856	0.01284	0.00922	0.0259	0.01304	0.02728	0.008	0.02892	0.03882	0.01468	0.03996	0.01742	0.0336	0.00412	0.02758	0.00636	0.02892	0.02018	0.02006	0.03936	0.0286	0.03148	0.03662	0.01414	0.03492	0.01856	0.03334	0.01506
0.00092	0.0007	0.00098	0.00084	0.00138	0.00148	0.00082	0.0028	0.01794	0.00092	0.0061	0.00956	0.00062	0.00124	0.03774	0.00118	0.03794	0.00102	0.0202	0.00104	0.01458	0.02588	0.02708	0.0111	0.00682	0.02134	0.01194	0.0247	0.00708	0.0285	0.03734	0.01512	0.03948	0.01786	0.0329	0.00546	0.0267	0.00584	0.02594	0.02276	0.02114	0.0383	0.0295	0.0291	0.03576	0.0156	0.0331	0.01902	0.03144	0.01642
0.00094	0.0007	0.00114	0.00122	0.00084	0.00196	0.0009	0.00318	0.0227	0.00092	0.00784	0.01072	0.00112	0.00102	0.0413	0.00186	0.04012	0.00108	0.02438	0.00126	0.01314	0.02238	0.02624	0.0098	0.00608	0.01922	0.01038	0.02214	0.00572	0.02566	0.0356	0.01656	0.03736	0.01822	0.03198	0.00532	0.0282	0.00674	0.02398	0.02256	0.0205	0.03676	0.0302	0.0256	0.03506	0.01696	0.03186	0.02062	0.03132	0.01768
0.0008	0.00078	0.00098	0.0014	0.00116	0.00208	0.00092	0.00364	0.0259	0.0012	0.00902	0.01466	0.00084	0.00116	0.04356	0.00196	0.04118	0.00112	0.02712	0.00102	0.01108	0.02214	0.02634	0.0088	0.00568	0.0167	0.00836	0.02042	0.0043	0.02532	0.03328	0.01676	0.03816	0.01782	0.02986	0.00632	0.02744	0.00748	0.02066	0.0229	0.02214	0.03498	0.02966	0.0234	0.03248	0.01704	0.02958	0.0223	0.0283	0.01868
0.0013	0.00078	0.00094	0.00132	0.0013	0.00256	0.0008	0.00552	0.02912	0.00152	0.01188	0.01626	0.00106	0.00132	0.04284	0.0016	0.0406	0.00108	0.02962	0.00092	0.0095	0.01986	0.023	0.00642	0.00446	0.0155	0.00802	0.01762	0.00402	0.02426	0.02992	0.01888	0.03646	0.01926	0.03052	0.00612	0.02768	0.00762	0.01906	0.02378	0.022	0.0336	0.03186	0.0224	0.03196	0.01858	0.02744	0.02218	0.0259	0.0196
0.00136	0.00074	0.00126	0.00154	0.00132	0.00298	0.00146	0.00562	0.03142	0.0022	0.01554	0.01878	0.00076	0.00122	0.04154	0.00188	0.04038	0.00086	0.0307	0.001	0.00754	0.01866	0.02236	0.00596	0.00396	0.01406	0.00644	0.01598	0.00384	0.0223	0.02676	0.02024	0.03504	0.01926	0.02794	0.00768	0.0273	0.00844	0.01628	0.02424	0.0249	0.03394	0.0296	0.01852	0.02886	0.0192	0.02554	0.02208	0.02334	0.02104
0.00158	0.00066	0.00114	0.00212	0.00116	0.00378	0.00142	0.00824	0.03232	0.00264	0.0176	0.02208	0.00118	0.0013	0.04068	0.0016	0.03778	0.00106	0.03542	0.00134	0.00768	0.01694	0.0208	0.00502	0.00336	0.01134	0.00648	0.01438	0.00276	0.02152	0.02596	0.01944	0.03242	0.02096	0.02648	0.00732	0.02646	0.0088	0.01458	0.02288	0.02406	0.03026	0.03192	0.01606	0.02918	0.02142	0.02464	0.02342	0.022	0.02142
0.002	0.00068	0.00134	0.0025	0.00152	0.00434	0.00134	0.00984	0.03212	0.003	0.02318	0.02388	0.0011	0.00126	0.03364	0.00168	0.03408	0.00088	0.03512	0.0013	0.00628	0.01456	0.02034	0.00434	0.00306	0.00968	0.00558	0.01208	0.0023	0.01794	0.0212	0.0208	0.03018	0.0199	0.02678	0.00884	0.0261	0.00928	0.01262	0.023	0.0245	0.0281	0.02998	0.01552	0.02534	0.0217	0.02144	0.02618	0.01976	0.02286
0.00272	0.00068	0.00134	0.0028	0.00144	0.00572	0.00176	0.0111	0.03422	0.00324	0.02522	0.0258	0.00134	0.00178	0.0315	0.00236	0.03004	0.00112	0.03652	0.00132	0.00544	0.01364	0.0187	0.00408	0.00274	0.00824	0.00514	0.01112	0.00216	0.0168	0.0205	0.01996	0.02772	0.01884	0.02468	0.00902	0.02376	0.00968	0.01054	0.02462	0.02614	0.02844	0.02976	0.01392	0.02324	0.02186	0.0195	0.02372	0.01948	0.02484
0.00282	0.00072	0.00176	0.0037	0.00146	0.00756	0.00214	0.01362	0.03148	0.00432	0.02896	0.0273	0.0015	0.0015	0.02702	0.00246	0.02624	0.00136	0.03354	0.001	0.00416	0.0119	0.01776	0.00282	0.00198	0.00704	0.00396	0.00944	0.0015	0.01522	0.01814	0.02238	0.026	0.02038	0.02352	0.00984	0.0253	0.0104	0.0098	0.0234	0.02448	0.02546	0.02834	0.01158	0.02202	0.0225	0.01818	0.0245	0.01628	0.02442
0.00434	0.0008	0.00202	0.00428	0.00202	0.00784	0.00274	0.01498	0.03168	0.0059	0.02992	0.02754	0.00238	0.0018	0.0223	0.00278	0.02234	0.00102	0.03284	0.00122	0.00416	0.01104	0.01688	0.00272	0.00164	0.00648	0.00386	0.009	0.00112	0.01448	0.01562	0.02222	0.02502	0.01964	0.02242	0.00982	0.0237	0.01016	0.00848	0.02444	0.0255	0.02322	0.02752	0.00962	0.02056	0.02314	0.01654	0.02466	0.0146	0.02348
0.0046	0.001	0.00256	0.00516	0.002	0.01082	0.00362	0.01928	0.02956	0.00712	0.033	0.02782	0.00258	0.00198	0.0188	0.00294	0.018	0.0014	0.02928	0.00172	0.0036	0.0102	0.015	0.00246	0.00166	0.00602	0.00364	0.0073	0.00104	0.01296	0.01468	0.02248	0.0221	0.01974	0.01994	0.01194	0.0248	0.0116	0.00698	0.02372	0.02582	0.02278	0.02592	0.00976	0.01842	0.02248	0.0157	0.025	0.0135	0.02518
0.00544	0.00086	0.00284	0.00632	0.00216	0.01176	0.00342	0.01984	0.02514	0.0091	0.03418	0.02754	0.00378	0.00214	0.01492	0.0037	0.01446	0.00102	0.02586	0.0016	0.003	0.0093	0.01462	0.00206	0.00102	0.00414	0.00292	0.00708	0.00092	0.01166	0.01216	0.02396	0.021	0.02138	0.02016	0.01166	0.0226	0.01264	0.0054	0.02314	0.02502	0.01962	0.02456	0.00786	0.01816	0.02368	0.01342	0.02498	0.01222	0.02454
0.00724	0.00082	0.00332	0.00778	0.0026	0.01462	0.00422	0.0227	0.02304	0.01102	0.03674	0.02606	0.00478	0.00316	0.01214	0.00438	0.01172	0.00162	0.02194	0.00204	0.00252	0.00792	0.0129	0.00192	0.00124	0.0039	0.00224	0.00562	0.0007	0.01082	0.01106	0.02422	0.01788	0.0199	0.01908	0.01216	0.02194	0.01248	0.00412	0.02222	0.02564	0.01758	0.02506	0.0068	0.0152	0.02396	0.01284	0.02558	0.01148	0.02424
0.00756	0.00106	0.00428	0.0083	0.0033	0.01714	0.0054	0.02498	0.01904	0.01326	0.0357	0.0246	0.00558	0.00368	0.00836	0.0045	0.00786	0.00178	0.01984	0.00254	0.00224	0.00688	0.01202	0.00136	0.00106	0.0033	0.0021	0.00492	0.00056	0.00978	0.00954	0.02352	0.016	0.02056	0.01736	0.01232	0.02156	0.01336	0.00418	0.02306	0.02596	0.01616	0.02412	0.0059	0.01356	0.02376	0.0107	0.02444	0.00988	0.02818
0.00962	0.00094	0.0054	0.0098	0.00424	0.01856	0.0066	0.02692	0.0165	0.0146	0.03562	0.0224	0.00714	0.00466	0.0063	0.00614	0.00624	0.00196	0.01644	0.00284	0.00188	0.00638	0.0114	0.00094	0.00082	0.0023	0.00192	0.0034	0.00048	0.00924	0.00812	0.0221	0.01478	0.01912	0.01652	0.0133	0.01964	0.01304	0.00334	0.02126	0.0251	0.01546	0.02372	0.00582	0.01282	0.02272	0.0098	0.02458	0.0087	0.02632
0.01108	0.00114	0.0067	0.01094	0.00442	0.01964	0.0074	0.0286	0.01374	0.01798	0.03498	0.02026	0.0087	0.00536	0.00466	0.00696	0.00446	0.00248	0.0136	0.00258	0.0015	0.00558	0.01042	0.00106	0.00068	0.00218	0.0015	0.00286	0.00048	0.00862	0.00704	0.02306	0.01296	0.01952	0.0146	0.01406	0.01968	0.01394	0.00298	0.02074	0.02356	0.01376	0.02342	0.00398	0.0107	0.02416	0.00918	0.02404	0.00716	0.02716
0.01212	0.00138	0.0076	0.01248	0.00592	0.02356	0.0094	0.02716	0.01054	0.0206	0.03262	0.01778	0.01054	0.0063	0.0033	0.00828	0.00286	0.00266	0.01084	0.00408	0.00116	0.00452	0.00938	0.00072	0.00062	0.00162	0.00156	0.0034	0.00042	0.00742	0.00626	0.02232	0.01136	0.02034	0.01306	0.01404	0.0182	0.0147	0.00238	0.0199	0.02392	0.01172	0.02148	0.00348	0.00986	0.02446	0.00834	0.0225	0.0066	0.02574
0.01408	0.0012	0.00832	0.01356	0.00758	0.02462	0.00958	0.02692	0.00918	0.0225	0.02992	0.01556	0.01326	0.00778	0.00218	0.0093	0.00222	0.00334	0.00852	0.00482	0.00082	0.00432	0.00904	0.0007	0.0004	0.00134	0.00092	0.0026	0.00034	0.0068	0.00542	0.02328	0.01054	0.01922	0.0126	0.01562	0.01694	0.01542	0.002	0.02008	0.02188	0.01066	0.02024	0.0028	0.009	0.022	0.007	0.02278	0.00648	0.02584
0.01446	0.00208	0.00992	0.01512	0.00842	0.02548	0.01156	0.02726	0.00668	0.02428	0.02608	0.01296	0.01466	0.0092	0.00154	0.01104	0.00148	0.0038	0.00578	0.0056	0.0006	0.00382	0.0076	0.00038	0.00042	0.00138	0.00104	0.00216	0.00026	0.00622	0.0046	0.0213	0.00972	0.01978	0.01144	0.0145	0.01658	0.01448	0.0019	0.02056	0.02278	0.00972	0.01894	0.00274	0.00804	0.02302	0.00598	0.02294	0.00468	0.0246
0.0163	0.0024	0.01126	0.01674	0.01002	0.02782	0.01186	0.02798	0.00536	0.02584	0.02388	0.01068	0.01736	0.01136	0.00088	0.01346	0.0011	0.00472	0.00424	0.00698	0.00086	0.00354	0.00728	0.00046	0.00044	0.00092	0.0008	0.0021	0.00018	0.00562	0.00426	0.02294	0.00822	0.01836	0.01016	0.01568	0.01502	0.01588	0.0014	0.01846	0.02116	0.00846	0.0172	0.00246	0.00698	0.02324	0.00538	0.02226	0.00518	0.02602
0.01644	0.00242	0.01346	0.01572	0.01152	0.02864	0.0137	0.02552	0.0037	0.0299	0.02092	0.00776	0.01806	0.01326	0.00064	0.0133	0.00082	0.00554	0.00318	0.00824	0.00076	0.00292	0.00714	0.00034	0.00028	0.0007	0.00092	0.0013	0.00016	0.0049	0.00296	0.02218	0.00738	0.01908	0.00908	0.01584	0.01498	0.01528	0.00138	0.0185	0.02162	0.00724	0.01726	0.0021	0.00594	0.02252	0.00528	0.02072	0.00376	0.02512
0.01694	0.00282	0.0137	0.01564	0.01158	0.02836	0.01316	0.02396	0.0028	0.0292	0.0177	0.00646	0.02122	0.01418	0.00034	0.01532	0.00032	0.0064	0.00246	0.00982	0.00066	0.00252	0.00626	0.00032	0.00028	0.00046	0.00064	0.0012	4.0e-5	0.00424	0.00286	0.02102	0.00598	0.01768	0.00838	0.01654	0.01374	0.01518	0.00092	0.01824	0.01918	0.00622	0.01528	0.00178	0.00526	0.02302	0.004	0.02174	0.00384	0.02302
0.01628	0.0033	0.0168	0.01632	0.01438	0.02712	0.01448	0.02164	0.00198	0.03062	0.01542	0.00558	0.02294	0.01674	0.00026	0.0171	0.00032	0.00772	0.00192	0.011	0.00034	0.00226	0.00546	0.00026	0.00022	0.00058	0.00052	0.0011	0.00016	0.00368	0.00258	0.02102	0.00546	0.01878	0.0078	0.01604	0.01274	0.01606	0.00082	0.01744	0.01932	0.00604	0.0141	0.00114	0.00482	0.023	0.00424	0.01896	0.0029	0.02218
0.01606	0.00408	0.01736	0.015	0.01678	0.02614	0.0143	0.01928	0.00132	0.02962	0.01194	0.0039	0.0265	0.01888	0.00024	0.01866	0.00012	0.0094	0.00096	0.0146	0.00032	0.00228	0.00444	0.00018	0.0002	0.00054	0.00046	0.00106	0.0001	0.0038	0.00162	0.02122	0.0039	0.01694	0.00686	0.01728	0.0126	0.01576	0.00048	0.01724	0.01824	0.00514	0.01346	0.00118	0.00426	0.02272	0.00326	0.0186	0.0028	0.02178
0.0164	0.00438	0.0179	0.01562	0.01734	0.0246	0.01536	0.01696	0.00112	0.0299	0.00918	0.00292	0.02632	0.02012	8.0e-5	0.01774	0.0001	0.011	0.00096	0.01552	0.00022	0.00204	0.0043	0.00026	0.00016	0.0005	0.00046	0.00078	2.0e-5	0.00278	0.00176	0.0203	0.0038	0.01676	0.00604	0.01692	0.01174	0.01686	0.00062	0.01522	0.01782	0.00398	0.0127	0.00142	0.0039	0.02132	0.00264	0.01796	0.0027	0.02124
0.01672	0.00594	0.01964	0.01604	0.0194	0.0245	0.01492	0.0148	0.00056	0.02926	0.00794	0.00212	0.02846	0.02152	8.0e-5	0.02022	6.0e-5	0.01288	0.00076	0.01696	0.00026	0.0014	0.0041	0.00018	0.0001	0.00036	0.00036	0.00046	2.0e-5	0.00276	0.00116	0.01924	0.0034	0.01604	0.00616	0.01638	0.01088	0.01578	0.00044	0.01488	0.01764	0.00432	0.01122	0.00066	0.0029	0.02086	0.00238	0.01782	0.0019	0.0201
0.01462	0.00696	0.01974	0.0141	0.01968	0.0211	0.01458	0.01336	0.00034	0.02726	0.00596	0.00136	0.02874	0.0225	2.0e-5	0.02118	6.0e-5	0.01416	0.00038	0.01962	0.00024	0.0013	0.00358	8.0e-5	0.00012	0.00018	0.00024	0.0005	4.0e-5	0.00266	0.00092	0.01974	0.00326	0.01476	0.00522	0.01718	0.00948	0.01648	0.00022	0.01414	0.0158	0.00326	0.01052	0.00062	0.00268	0.01858	0.00218	0.01724	0.00176	0.01972
0.01452	0.0075	0.01986	0.01312	0.02072	0.0183	0.0136	0.01064	0.00024	0.02574	0.0048	0.00122	0.03014	0.0236	0.0	0.0214	2.0e-5	0.0162	0.00034	0.0226	0.00014	0.00106	0.0035	4.0e-5	0.0001	0.00012	0.0002	0.0004	0.0	0.00204	0.00082	0.01926	0.00208	0.01598	0.00494	0.01792	0.00894	0.01652	0.00032	0.01274	0.01558	0.00274	0.01014	0.00056	0.00224	0.01788	0.0018	0.0151	0.00126	0.01842
0.01304	0.008	0.01976	0.01092	0.02072	0.01722	0.01302	0.009	0.0001	0.02288	0.00332	0.00092	0.02996	0.02466	0.0	0.01982	2.0e-5	0.01708	0.00012	0.02428	0.00014	0.00088	0.00294	0.0001	4.0e-5	0.0001	0.00022	0.00034	0.0	0.002	0.00074	0.01796	0.00198	0.0129	0.00444	0.01746	0.00938	0.01684	0.00012	0.01278	0.01402	0.0023	0.00998	0.00044	0.00206	0.01832	0.00162	0.01556	0.00116	0.0175
0.01192	0.00872	0.0188	0.0103	0.02218	0.015	0.01202	0.00668	4.0e-5	0.02308	0.00248	0.00056	0.02734	0.02482	0.0	0.02114	0.0	0.01908	6.0e-5	0.02516	0.00012	0.00082	0.00258	8.0e-5	6.0e-5	6.0e-5	0.0003	0.00018	2.0e-5	0.00166	0.00072	0.01758	0.00166	0.01416	0.0037	0.01768	0.00828	0.0162	0.00016	0.01228	0.01394	0.00214	0.00804	0.00038	0.00194	0.01774	0.00152	0.01436	0.0013	0.017
0.01046	0.00976	0.01928	0.00954	0.02044	0.01284	0.01112	0.00544	6.0e-5	0.02064	0.00182	0.00026	0.02704	0.02522	0.0	0.01982	0.0	0.02012	0.00012	0.02606	0.00018	0.00074	0.0023	0.0001	4.0e-5	6.0e-5	0.00016	0.00028	0.0	0.00152	0.00052	0.01626	0.00172	0.01344	0.0034	0.01816	0.00702	0.01672	0.0001	0.01134	0.01274	0.0019	0.00718	0.00042	0.00156	0.01656	0.00128	0.01358	0.00068	0.01554
0.00962	0.01024	0.01678	0.00788	0.02106	0.01046	0.0104	0.00516	4.0e-5	0.01728	0.0017	0.0002	0.02672	0.0256	0.0	0.0193	0.0	0.02078	4.0e-5	0.0287	4.0e-5	0.00076	0.00244	0.0	2.0e-5	2.0e-5	6.0e-5	0.0002	2.0e-5	0.00132	0.00044	0.01576	0.00098	0.0122	0.00314	0.01824	0.0075	0.0158	6.0e-5	0.01046	0.0119	0.00152	0.00694	0.0002	0.0011	0.0164	0.00132	0.01294	0.00078	0.01524
0.00776	0.01094	0.01702	0.00652	0.02004	0.00892	0.00922	0.0035	2.0e-5	0.0149	0.00112	0.00012	0.0255	0.02456	0.0	0.0181	0.0	0.0214	4.0e-5	0.02714	0.0001	0.00048	0.0023	4.0e-5	0.0001	4.0e-5	0.0002	0.00018	0.0	0.00106	0.00034	0.01558	0.00092	0.01264	0.0028	0.0185	0.0059	0.01632	0.0001	0.0102	0.01112	0.00124	0.00622	4.0e-5	0.00098	0.01462	0.00088	0.01164	0.00064	0.01398
0.00684	0.0117	0.0161	0.00532	0.01958	0.00764	0.00812	0.003	0.0	0.0131	0.00072	0.00018	0.02308	0.02382	0.0	0.0156	0.0	0.021	2.0e-5	0.02804	6.0e-5	0.00032	0.00142	4.0e-5	2.0e-5	6.0e-5	6.0e-5	0.00016	0.0	0.00078	0.00028	0.01434	0.00048	0.01222	0.00222	0.0175	0.00626	0.0165	4.0e-5	0.00954	0.01032	0.00126	0.00566	0.0001	0.00106	0.01418	0.00076	0.01132	0.00058	0.013
0.00546	0.0128	0.01462	0.0049	0.01908	0.00592	0.00726	0.0019	2.0e-5	0.0109	0.00048	8.0e-5	0.02152	0.0228	0.0	0.01428	0.0	0.02296	0.0	0.0286	6.0e-5	0.0005	0.00174	0.0	0.0	8.0e-5	0.00016	0.00014	0.0	0.00116	0.00026	0.01372	0.00108	0.0116	0.00202	0.0189	0.00586	0.01566	4.0e-5	0.00856	0.00896	0.0009	0.00502	0.0001	0.00072	0.01248	0.00078	0.01096	0.00038	0.01254
0.00436	0.01424	0.01298	0.00384	0.01734	0.00456	0.00648	0.00158	0.0	0.00918	0.00022	0.0001	0.01886	0.02208	0.0	0.01366	0.0	0.0225	2.0e-5	0.02804	2.0e-5	0.00026	0.00132	0.0	2.0e-5	4.0e-5	6.0e-5	0.00012	2.0e-5	0.00056	8.0e-5	0.01384	0.00068	0.01084	0.00174	0.01762	0.00514	0.01552	4.0e-5	0.00936	0.00966	0.00096	0.00466	0.00016	0.0006	0.01448	0.00052	0.00966	0.00024	0.01178
0.00382	0.01372	0.01124	0.00272	0.01566	0.00384	0.00472	0.001	0.0	0.0078	0.0001	0.0	0.01672	0.01916	0.0	0.01176	0.0	0.02282	0.0	0.028	4.0e-5	0.00024	0.00128	2.0e-5	0.0	2.0e-5	2.0e-5	6.0e-5	2.0e-5	0.00056	0.00022	0.01224	0.00068	0.01064	0.00172	0.0168	0.00464	0.01656	2.0e-5	0.00736	0.00888	0.00052	0.00432	8.0e-5	0.00068	0.0125	0.00042	0.00962	0.00032	0.01192
0.0026	0.01394	0.00966	0.00214	0.0134	0.0031	0.00402	0.00088	2.0e-5	0.00634	6.0e-5	2.0e-5	0.01496	0.01856	0.0	0.01068	0.0	0.02066	0.0	0.02794	4.0e-5	0.00012	0.00078	0.0	4.0e-5	0.0	8.0e-5	8.0e-5	0.0	0.0005	0.00014	0.0111	0.00028	0.00994	0.00122	0.01688	0.00406	0.01518	6.0e-5	0.00748	0.00798	0.00042	0.00378	0.00018	0.00074	0.01232	0.00038	0.00894	0.00026	0.00966
0.00226	0.01352	0.00852	0.00172	0.0126	0.00248	0.00362	0.0004	0.0	0.00476	0.0001	0.0	0.0129	0.01518	0.0	0.00876	0.0	0.02086	0.0	0.02598	0.0	0.00022	0.00094	0.0	0.0	0.0	6.0e-5	6.0e-5	0.0	0.00036	8.0e-5	0.01106	0.00034	0.00986	0.00116	0.01688	0.00358	0.01508	4.0e-5	0.00684	0.00734	0.00044	0.00328	8.0e-5	0.00046	0.01084	0.00024	0.00778	0.00028	0.00964
0.00206	0.01374	0.00728	0.00174	0.01166	0.00146	0.00316	0.00034	0.0	0.00402	4.0e-5	0.0	0.01076	0.01432	0.0	0.00784	0.0	0.0191	0.0	0.02408	2.0e-5	0.00014	0.00084	2.0e-5	0.0	0.0	2.0e-5	6.0e-5	0.0	0.00038	8.0e-5	0.0098	0.00024	0.00958	0.001	0.017	0.00318	0.01562	2.0e-5	0.00706	0.00752	0.00062	0.00326	2.0e-5	0.00032	0.00992	0.0003	0.00716	0.0002	0.0086
0.00148	0.01308	0.00614	0.00096	0.00922	0.0011	0.00206	0.00032	0.0	0.00292	0.0	0.0	0.0099	0.01172	0.0	0.00562	0.0	0.01704	0.0	0.02098	2.0e-5	0.00012	0.00082	0.0	2.0e-5	2.0e-5	0.0	4.0e-5	2.0e-5	0.00036	4.0e-5	0.0094	0.00034	0.00832	0.00102	0.01628	0.0032	0.01572	0.0	0.0051	0.0065	0.00032	0.00264	4.0e-5	0.00038	0.0093	0.00026	0.0071	0.00018	0.00852
0.00108	0.01306	0.0044	0.001	0.00844	0.0008	0.00164	0.00018	0.0	0.00246	2.0e-5	0.0	0.0076	0.01136	0.0	0.0054	0.0	0.01682	0.0	0.0195	0.0	0.00016	0.00068	0.0	0.0	0.0	2.0e-5	2.0e-5	0.0	0.0002	8.0e-5	0.00944	0.0002	0.00854	0.00096	0.01596	0.00298	0.01448	2.0e-5	0.00514	0.00586	0.00016	0.00254	2.0e-5	0.00032	0.00878	0.00018	0.00688	4.0e-5	0.00772
0.00056	0.0118	0.00412	0.0005	0.00738	0.00082	0.00132	0.00018	0.0	0.0017	2.0e-5	0.0	0.00694	0.009	0.0	0.0042	0.0	0.01548	0.0	0.0175	2.0e-5	0.0002	0.00042	2.0e-5	0.0	0.0	2.0e-5	0.0	0.0	0.00022	2.0e-5	0.00954	0.00018	0.00756	0.00074	0.01548	0.00296	0.01436	2.0e-5	0.00502	0.00536	0.00022	0.00218	2.0e-5	0.00022	0.00832	0.00014	0.0064	0.00012	0.00676
0.00048	0.01146	0.00352	0.00042	0.00608	0.00044	0.00124	6.0e-5	0.0	0.0012	4.0e-5	0.0	0.00476	0.00778	0.0	0.00322	0.0	0.0139	0.0	0.01588	2.0e-5	8.0e-5	0.00066	2.0e-5	0.0	0.0	0.0	0.0	2.0e-5	0.00022	4.0e-5	0.00792	0.00016	0.00752	0.00058	0.01572	0.00216	0.01414	0.0	0.00476	0.00528	0.00018	0.00196	2.0e-5	0.0001	0.00826	0.00024	0.0053	0.00016	0.00716
0.00054	0.01108	0.0026	0.00032	0.00474	0.00014	0.0011	6.0e-5	0.0	0.00092	0.0	0.0	0.00456	0.00658	0.0	0.00274	0.0	0.01256	0.0	0.01414	0.0	0.00012	0.0005	0.0	0.0	0.0	4.0e-5	2.0e-5	0.0	0.00018	4.0e-5	0.00744	8.0e-5	0.0066	0.00044	0.01452	0.00168	0.01394	0.0	0.00466	0.0045	0.00024	0.0016	2.0e-5	0.00016	0.0071	0.0001	0.00596	4.0e-5	0.00592
0.00016	0.00918	0.0024	0.00038	0.0035	0.00024	0.0005	2.0e-5	0.0	0.00072	0.0	0.0	0.00312	0.0052	0.0	0.00222	0.0	0.01066	0.0	0.01208	0.0	6.0e-5	0.00032	0.0	0.0	0.0	2.0e-5	0.0	0.0	0.00018	2.0e-5	0.00648	8.0e-5	0.00646	0.00036	0.01532	0.00194	0.01336	2.0e-5	0.00368	0.00402	6.0e-5	0.00144	2.0e-5	6.0e-5	0.00656	0.0001	0.00468	4.0e-5	0.00562
0.00024	0.0094	0.00134	0.00018	0.0031	0.00022	0.00036	4.0e-5	0.0	0.00056	0.0	0.0	0.00236	0.00438	0.0	0.00158	0.0	0.00884	0.0	0.0106	2.0e-5	6.0e-5	0.00028	0.0	0.0	0.0	0.0	0.0	0.0	6.0e-5	4.0e-5	0.00652	4.0e-5	0.00664	0.0003	0.01446	0.0019	0.01388	0.0	0.00356	0.00354	0.00018	0.00128	0.0	0.00012	0.0062	0.00012	0.00484	8.0e-5	0.00518
0.00014	0.00824	0.00118	0.00016	0.0026	8.0e-5	0.00024	0.0	0.0	0.00028	0.0	0.0	0.00194	0.0031	0.0	0.00128	0.0	0.00694	0.0	0.00888	0.0	0.0001	0.0002	0.0	0.0	0.0	0.0	0.0	0.0	0.00012	0.0	0.00622	2.0e-5	0.00582	0.0005	0.01436	0.0013	0.01202	0.0	0.0037	0.00392	8.0e-5	0.00108	2.0e-5	4.0e-5	0.00558	4.0e-5	0.00378	6.0e-5	0.00476
0.00014	0.00592	0.001	4.0e-5	0.00192	6.0e-5	0.00018	4.0e-5	0.0	0.00022	0.0	0.0	0.00144	0.00272	0.0	0.00104	0.0	0.00742	0.0	0.00788	2.0e-5	0.0001	0.00024	0.0	0.0	0.0	0.0	0.0	2.0e-5	0.00016	0.0	0.00532	6.0e-5	0.00586	0.00016	0.0135	0.00126	0.01302	0.0	0.00312	0.00374	8.0e-5	0.001	4.0e-5	6.0e-5	0.0053	4.0e-5	0.00362	0.0	0.00382
0.00012	0.00604	0.00078	6.0e-5	0.0015	2.0e-5	0.00012	0.0	0.0	0.00022	0.0	0.0	0.0011	0.00186	0.0	0.0008	0.0	0.0051	0.0	0.00648	0.0	6.0e-5	0.00012	0.0	0.0	0.0	0.0	0.0	0.0	0.0001	0.0	0.0044	6.0e-5	0.00522	0.0002	0.01324	0.00112	0.01288	0.0	0.00276	0.00296	6.0e-5	0.00118	0.0	8.0e-5	0.0049	2.0e-5	0.00366	4.0e-5	0.0038
4.0e-5	0.00492	0.0004	2.0e-5	0.00104	0.0	0.0001	0.0	0.0	0.0001	0.0	0.0	0.00088	0.00156	0.0	0.00058	0.0	0.005	0.0	0.0051	0.0	0.0	0.00016	0.0	0.0	0.0	0.0	0.0	0.0	0.00016	0.0	0.00474	6.0e-5	0.00472	0.00018	0.01338	0.0014	0.01238	0.0	0.0025	0.0029	8.0e-5	0.00092	0.0	2.0e-5	0.00442	2.0e-5	0.00332	2.0e-5	0.00344
0.0	0.00438	0.00034	0.0	0.0009	4.0e-5	8.0e-5	0.0	0.0	4.0e-5	0.0	0.0	0.00036	0.00116	0.0	0.0005	0.0	0.00392	0.0	0.0042	0.0	2.0e-5	0.00016	0.0	0.0	0.0	0.0	0.0	0.0	4.0e-5	0.0	0.00426	4.0e-5	0.0049	0.00028	0.01242	0.0011	0.01136	0.0	0.00286	0.00256	2.0e-5	0.0008	0.0	0.0	0.00374	6.0e-5	0.00262	0.0	0.00288
0.0	0.00368	0.00024	2.0e-5	0.00082	0.0	2.0e-5	0.0	0.0	6.0e-5	0.0	0.0	0.00028	0.00062	0.0	0.00024	0.0	0.00308	0.0	0.00294	0.0	2.0e-5	0.0002	0.0	0.0	0.0	0.0	0.0	0.0	0.00014	0.0	0.00406	0.0	0.00408	0.0002	0.011	0.00108	0.01104	0.0	0.0023	0.0021	2.0e-5	0.00048	2.0e-5	6.0e-5	0.00342	0.0	0.00264	4.0e-5	0.00292
2.0e-5	0.00316	0.00014	0.0	0.00044	2.0e-5	8.0e-5	0.0	0.0	2.0e-5	0.0	0.0	0.0003	0.00058	0.0	0.00026	0.0	0.00232	0.0	0.00242	0.0	2.0e-5	0.00024	0.0	0.0	0.0	0.0	0.0	0.0	6.0e-5	0.0	0.00446	0.0	0.00416	0.00018	0.0125	0.00082	0.01072	0.0	0.00224	0.00214	4.0e-5	0.00046	0.0	4.0e-5	0.00416	4.0e-5	0.00212	0.0	0.00266
0.0	0.00256	0.0001	0.0	0.00042	0.0	2.0e-5	0.0	0.0	6.0e-5	0.0	0.0	0.0002	0.00052	0.0	0.0002	0.0	0.00198	0.0	0.00194	0.0	2.0e-5	0.0001	0.0	0.0	0.0	2.0e-5	0.0	0.0	2.0e-5	4.0e-5	0.0032	0.0	0.00406	0.00012	0.01152	0.00084	0.0111	0.0	0.0022	0.00204	2.0e-5	0.00032	0.0	4.0e-5	0.00338	0.0	0.00232	0.0	0.00224
0.0	0.00202	0.00014	0.0	0.00032	0.0	0.0	0.0	0.0	0.0	0.0	0.0	0.00026	0.0004	0.0	8.0e-5	0.0	0.00138	0.0	0.0014	0.0	0.0	0.00022	0.0	0.0	0.0	0.0	0.0	0.0	4.0e-5	0.0	0.00322	4.0e-5	0.00336	6.0e-5	0.01116	0.00068	0.01042	0.0	0.0017	0.0016	0.0	0.00026	2.0e-5	0.0	0.00288	0.0	0.00194	0.0	0.00204
2.0e-5	0.00146	0.00012	0.0	0.00012	0.0	2.0e-5	0.0	0.0	0.0	0.0	0.0	0.00012	0.00032	0.0	0.00014	0.0	0.00102	0.0	0.001	0.0	0.0	0.0001	0.0	0.0	0.0	2.0e-5	0.0	0.0	2.0e-5	2.0e-5	0.00274	0.0	0.00342	6.0e-5	0.00978	0.00072	0.0098	0.0	0.00166	0.0014	2.0e-5	0.00028	2.0e-5	0.0	0.00282	2.0e-5	0.00222	0.0	0.0015
0.0	0.00088	6.0e-5	0.0	0.0002	0.0	0.0	0.0	0.0	0.0	0.0	0.0	0.00014	0.00016	0.0	6.0e-5	0.0	0.00092	0.0	0.00088	0.0	0.0	4.0e-5	0.0	0.0	0.0	0.0	0.0	0.0	4.0e-5	0.0	0.00294	2.0e-5	0.00326	0.0	0.01016	0.0004	0.00958	0.0	0.00148	0.00128	2.0e-5	0.00026	0.0	0.0	0.00282	0.0	0.00146	2.0e-5	0.0015
0.0	0.00126	6.0e-5	0.0	0.00012	0.0	0.0	0.0	0.0	0.0	0.0	0.0	6.0e-5	0.0001	0.0	4.0e-5	0.0	0.00066	0.0	0.00054	0.0	0.0	8.0e-5	0.0	0.0	0.0	0.0	0.0	0.0	2.0e-5	2.0e-5	0.00234	0.0	0.00312	0.0	0.00932	0.0003	0.00916	0.0	0.00124	0.00112	0.0	0.00018	0.0	4.0e-5	0.0019	2.0e-5	0.00132	0.0	0.0011
0.0	0.00098	0.0	0.0	2.0e-5	0.0	0.0	0.0	0.0	0.0	0.0	0.0	2.0e-5	8.0e-5	0.0	4.0e-5	0.0	0.00056	0.0	0.00054	0.0	2.0e-5	8.0e-5	0.0	0.0	0.0	2.0e-5	0.0	0.0	0.0	0.0	0.00196	2.0e-5	0.00294	0.00014	0.00856	0.00046	0.00852	0.0	0.00112	0.00122	0.0	0.00034	0.0	0.0	0.0021	0.0	0.00144	0.0	0.0012
0.0	0.00052	0.0	0.0	2.0e-5	0.0	0.0	0.0	0.0	0.0	0.0	0.0	4.0e-5	2.0e-5	0.0	0.0	0.0	0.0004	0.0	0.00026	0.0	0.0	0.00012	0.0	0.0	0.0	0.0	0.0	0.0	2.0e-5	0.0	0.00196	0.0	0.00246	4.0e-5	0.00898	0.00044	0.00888	0.0	0.00112	0.00082	2.0e-5	0.0001	0.0	0.0	0.00202	0.0	0.00124	0.0	0.00074
0.0	0.0004	4.0e-5	0.0	4.0e-5	0.0	0.0	0.0	0.0	0.0	0.0	0.0	0.0	0.0	0.0	0.0	0.0	0.0002	0.0	0.00026	0.0	0.0	8.0e-5	0.0	0.0	0.0	0.0	2.0e-5	0.0	0.0	0.0	0.00174	0.0	0.0024	4.0e-5	0.00802	0.00024	0.00788	0.0	0.00104	0.0009	0.0	0.00016	0.0	0.0	0.00138	0.0	0.00088	0.0	0.00108
0.0	0.00028	0.0	0.0	4.0e-5	0.0	0.0	0.0	0.0	0.0	0.0	0.0	2.0e-5	6.0e-5	0.0	0.0	0.0	0.00018	0.0	0.00012	0.0	0.0	2.0e-5	0.0	0.0	0.0	0.0	0.0	0.0	2.0e-5	0.0	0.00164	2.0e-5	0.00202	4.0e-5	0.00896	0.00038	0.0082	0.0	0.00098	0.00054	0.0	4.0e-5	0.0	0.0	0.00158	0.0	0.00126	0.0	0.00082
0.0	0.00026	0.0	0.0	0.0	0.0	0.0	0.0	0.0	0.0	0.0	0.0	0.0	2.0e-5	0.0	0.0	0.0	0.00012	0.0	0.00012	0.0	0.0	2.0e-5	0.0	0.0	0.0	0.0	0.0	0.0	0.0	0.0	0.00146	0.0	0.00218	8.0e-5	0.00706	0.00028	0.0081	0.0	0.00076	0.00064	2.0e-5	0.0001	0.0	0.0	0.00134	0.0	0.00094	0.0	0.00086
0.0	0.00036	0.0	0.0	0.0	0.0	0.0	0.0	0.0	0.0	0.0	0.0	0.0	2.0e-5	0.0	0.0	0.0	0.00014	0.0	0.0	0.0	2.0e-5	4.0e-5	0.0	0.0	0.0	0.0	0.0	0.0	2.0e-5	0.0	0.00162	0.0	0.00186	4.0e-5	0.00762	0.00024	0.00716	0.0	0.00078	0.00054	0.0	6.0e-5	0.0	0.0	0.00148	2.0e-5	0.00064	0.0	0.00058
0.0	8.0e-5	0.0	0.0	4.0e-5	0.0	0.0	0.0	0.0	0.0	0.0	0.0	0.0	0.0	0.0	0.0	0.0	8.0e-5	0.0	4.0e-5	0.0	0.0	6.0e-5	0.0	0.0	0.0	0.0	0.0	0.0	0.0	0.0	0.00124	0.0	0.00134	2.0e-5	0.00772	0.00024	0.00694	0.0	0.00066	0.00058	0.0	6.0e-5	0.0	0.0	0.00104	0.0	0.0008	0.0	0.00074
0.0	0.0001	0.0	0.0	0.0	0.0	0.0	0.0	0.0	0.0	0.0	0.0	0.0	0.0	0.0	0.0	0.0	6.0e-5	0.0	2.0e-5	0.0	0.0	2.0e-5	0.0	0.0	0.0	0.0	0.0	0.0	2.0e-5	0.0	0.00114	0.0	0.00166	0.0	0.0059	0.0001	0.007	0.0	0.00066	0.00034	0.0	8.0e-5	0.0	0.0	0.00094	0.0	0.00058	0.0	0.00044
0.0	2.0e-5	0.0	0.0	0.0	0.0	0.0	0.0	0.0	0.0	0.0	0.0	0.0	0.0	0.0	0.0	0.0	0.0	0.0	4.0e-5	0.0	0.0	8.0e-5	0.0	0.0	0.0	0.0	0.0	0.0	0.0	0.0	0.00118	2.0e-5	0.00126	0.0	0.00608	0.00018	0.00588	0.0	0.00044	0.00036	0.0	6.0e-5	0.0	0.0	0.0009	0.0	0.0004	0.0	0.00052
0.0	6.0e-5	0.0	0.0	0.0	0.0	0.0	0.0	0.0	0.0	0.0	0.0	0.0	2.0e-5	0.0	0.0	0.0	4.0e-5	0.0	0.0	0.0	0.0	2.0e-5	0.0	0.0	0.0	0.0	0.0	0.0	0.0	0.0	0.00086	0.0	0.00154	2.0e-5	0.00588	0.0001	0.00632	0.0	0.00064	0.0004	0.0	0.0	0.0	0.0	0.00086	0.0	0.00038	0.0	0.0004
0.0	4.0e-5	0.0	0.0	0.0	0.0	0.0	0.0	0.0	0.0	0.0	0.0	0.0	0.0	0.0	0.0	0.0	0.0	0.0	0.0	0.0	0.0	2.0e-5	0.0	0.0	0.0	0.0	0.0	0.0	0.0	0.0	0.00072	0.0	0.00144	0.0	0.0061	0.00012	0.00598	0.0	0.00046	0.00032	0.0	2.0e-5	0.0	0.0	0.00052	0.0	0.00044	0.0	0.0004
0.0	2.0e-5	0.0	0.0	0.0	0.0	0.0	0.0	0.0	0.0	0.0	0.0	0.0	0.0	0.0	0.0	0.0	2.0e-5	0.0	2.0e-5	0.0	0.0	0.0	0.0	0.0	0.0	0.0	0.0	0.0	0.0	0.0	0.00066	0.0	0.00148	0.0	0.00476	8.0e-5	0.00552	0.0	0.00028	0.0004	0.0	0.0	0.0	0.0	0.0006	0.0	0.00038	0.0	0.00036
0.0	4.0e-5	0.0	0.0	0.0	0.0	0.0	0.0	0.0	0.0	0.0	0.0	0.0	0.0	0.0	0.0	0.0	0.0	0.0	0.0	0.0	0.0	0.0	0.0	0.0	0.0	0.0	0.0	0.0	0.0	0.0	0.00068	2.0e-5	0.001	2.0e-5	0.00486	0.0001	0.00518	0.0	0.00046	0.00028	0.0	4.0e-5	0.0	0.0	0.00052	0.0	0.00026	0.0	0.0003
0.0	0.0	0.0	0.0	0.0	0.0	0.0	0.0	0.0	0.0	0.0	0.0	0.0	0.0	0.0	0.0	0.0	0.0	0.0	0.0	0.0	0.0	0.0	0.0	0.0	0.0	0.0	0.0	0.0	0.0	0.0	0.00068	0.0	0.00106	0.0	0.00478	8.0e-5	0.0048	0.0	0.00028	0.00022	0.0	2.0e-5	0.0	0.0	0.00032	0.0	0.00034	0.0	0.00026
0.0	0.0	0.0	0.0	0.0	0.0	0.0	0.0	0.0	0.0	0.0	0.0	0.0	2.0e-5	0.0	0.0	0.0	0.0	0.0	0.0	0.0	0.0	0.0	0.0	0.0	0.0	0.0	0.0	0.0	0.0	0.0	0.00056	0.0	0.0009	0.0	0.00446	8.0e-5	0.00466	0.0	0.00042	0.00022	0.0	2.0e-5	0.0	0.0	0.00056	0.0	0.00034	0.0	0.0003
0.0	0.0	0.0	0.0	0.0	0.0	0.0	0.0	0.0	0.0	0.0	0.0	0.0	0.0	0.0	0.0	0.0	0.0	0.0	0.0	0.0	0.0	0.0	0.0	0.0	0.0	0.0	0.0	0.0	0.0	0.0	0.00046	0.0	0.00088	0.0	0.00414	2.0e-5	0.00462	0.0	0.00018	0.00018	0.0	6.0e-5	0.0	0.0	0.00046	0.0	0.00026	0.0	0.00024
0.0	0.0	0.0	0.0	0.0	0.0	0.0	0.0	0.0	0.0	0.0	0.0	0.0	0.0	0.0	0.0	0.0	0.0	0.0	0.0	0.0	0.0	0.0	0.0	0.0	0.0	0.0	0.0	0.0	0.0	0.0	0.00032	0.0	0.0007	0.0	0.00422	2.0e-5	0.00432	0.0	0.0003	0.00016	0.0	0.0	0.0	0.0	0.00032	0.0	0.0002	0.0	8.0e-5
0.0	0.0	0.0	0.0	0.0	0.0	0.0	0.0	0.0	0.0	0.0	0.0	0.0	0.0	0.0	0.0	0.0	0.0	0.0	0.0	0.0	0.0	0.0	0.0	0.0	0.0	0.0	0.0	0.0	0.0	0.0	0.00034	0.0	0.00058	0.0	0.00396	8.0e-5	0.0043	0.0	0.00018	0.00012	0.0	6.0e-5	0.0	0.0	0.00022	0.0	0.00026	0.0	0.00018
0.0	0.0	0.0	0.0	0.0	0.0	0.0	0.0	0.0	0.0	0.0	0.0	0.0	0.0	0.0	0.0	0.0	0.0	0.0	0.0	0.0	0.0	2.0e-5	0.0	0.0	0.0	0.0	0.0	0.0	0.0	0.0	0.00032	0.0	0.00066	0.0	0.00354	0.0001	0.00398	0.0	0.00018	8.0e-5	0.0	0.0	0.0	0.0	0.0003	0.0	0.00012	0.0	6.0e-5
0.0	0.0	0.0	0.0	0.0	0.0	0.0	0.0	0.0	0.0	0.0	0.0	0.0	0.0	0.0	0.0	0.0	0.0	0.0	0.0	0.0	0.0	0.0	0.0	0.0	0.0	0.0	0.0	0.0	0.0	0.0	0.00028	0.0	0.00064	0.0	0.00306	2.0e-5	0.0034	0.0	0.00014	2.0e-5	0.0	2.0e-5	0.0	0.0	0.00028	0.0	0.00018	0.0	0.00012
0.0	0.0	0.0	0.0	0.0	0.0	0.0	0.0	0.0	0.0	0.0	0.0	0.0	0.0	0.0	0.0	0.0	0.0	0.0	0.0	0.0	0.0	0.0	0.0	0.0	0.0	0.0	0.0	0.0	0.0	0.0	0.00026	0.0	0.00064	0.0	0.00302	4.0e-5	0.0038	0.0	0.0001	0.0002	0.0	0.0	0.0	0.0	0.00018	0.0	0.00012	0.0	6.0e-5
0.0	0.0	0.0	0.0	0.0	0.0	0.0	0.0	0.0	0.0	0.0	0.0	0.0	0.0	0.0	0.0	0.0	0.0	0.0	0.0	0.0	0.0	0.0	0.0	0.0	0.0	0.0	0.0	0.0	0.0	0.0	0.00026	0.0	0.00056	0.0	0.00304	4.0e-5	0.0034	0.0	0.00012	0.00012	0.0	0.0	0.0	0.0	0.00024	0.0	0.0001	0.0	0.00014
0.0	0.0	0.0	0.0	0.0	0.0	0.0	0.0	0.0	0.0	0.0	0.0	0.0	0.0	0.0	0.0	0.0	0.0	0.0	0.0	0.0	0.0	2.0e-5	0.0	0.0	0.0	0.0	0.0	0.0	0.0	0.0	0.00022	0.0	0.00044	0.0	0.00306	0.0	0.0029	0.0	0.00018	0.0001	0.0	2.0e-5	0.0	0.0	8.0e-5	0.0	0.00014	0.0	0.00018
0.0	0.0	0.0	0.0	0.0	0.0	0.0	0.0	0.0	0.0	0.0	0.0	0.0	0.0	0.0	0.0	0.0	0.0	0.0	0.0	0.0	0.0	0.0	0.0	0.0	0.0	0.0	0.0	0.0	0.0	0.0	0.0002	0.0	0.00054	0.0	0.00226	0.0	0.00288	0.0	8.0e-5	6.0e-5	0.0	0.0	0.0	0.0	0.00022	0.0	0.00014	0.0	4.0e-5
0.0	0.0	0.0	0.0	0.0	0.0	0.0	0.0	0.0	0.0	0.0	0.0	0.0	0.0	0.0	0.0	0.0	0.0	0.0	0.0	0.0	0.0	0.0	0.0	0.0	0.0	0.0	0.0	0.0	0.0	0.0	8.0e-5	0.0	0.00036	0.0	0.00276	0.0	0.00284	0.0	8.0e-5	6.0e-5	0.0	0.0	0.0	0.0	0.00018	0.0	2.0e-5	0.0	2.0e-5
0.0	0.0	0.0	0.0	0.0	0.0	0.0	0.0	0.0	0.0	0.0	0.0	0.0	0.0	0.0	0.0	0.0	0.0	0.0	0.0	0.0	0.0	0.0	0.0	0.0	0.0	0.0	0.0	0.0	0.0	0.0	0.00014	0.0	0.00036	2.0e-5	0.00214	4.0e-5	0.003	0.0	8.0e-5	6.0e-5	0.0	0.0	0.0	0.0	0.00014	0.0	2.0e-5	0.0	8.0e-5
0.0	0.0	0.0	0.0	0.0	0.0	0.0	0.0	0.0	0.0	0.0	0.0	0.0	0.0	0.0	0.0	0.0	0.0	0.0	0.0	0.0	0.0	0.0	0.0	0.0	0.0	0.0	0.0	0.0	0.0	0.0	0.00012	0.0	0.00038	0.0	0.00196	0.0	0.0023	0.0	4.0e-5	4.0e-5	0.0	0.0	0.0	0.0	0.00014	0.0	4.0e-5	0.0	4.0e-5
0.0	0.0	0.0	0.0	0.0	0.0	0.0	0.0	0.0	0.0	0.0	0.0	0.0	0.0	0.0	0.0	0.0	0.0	0.0	0.0	0.0	0.0	0.0	0.0	0.0	0.0	0.0	0.0	0.0	0.0	0.0	0.00012	0.0	0.00038	0.0	0.00154	0.0	0.00224	0.0	6.0e-5	4.0e-5	0.0	0.0	0.0	0.0	0.00012	0.0	6.0e-5	0.0	2.0e-5
0.0	0.0	0.0	0.0	0.0	0.0	0.0	0.0	0.0	0.0	0.0	0.0	0.0	0.0	0.0	0.0	0.0	0.0	0.0	0.0	0.0	0.0	0.0	0.0	0.0	0.0	0.0	0.0	0.0	0.0	0.0	0.00018	0.0	0.00032	0.0	0.0016	2.0e-5	0.00234	0.0	4.0e-5	0.0	0.0	0.0	0.0	0.0	2.0e-5	0.0	0.0001	0.0	2.0e-5
0.0	0.0	0.0	0.0	0.0	0.0	0.0	0.0	0.0	0.0	0.0	0.0	0.0	0.0	0.0	0.0	0.0	0.0	0.0	0.0	0.0	0.0	0.0	0.0	0.0	0.0	0.0	0.0	0.0	0.0	0.0	0.0001	0.0	0.0003	0.0	0.00142	2.0e-5	0.00202	0.0	2.0e-5	6.0e-5	0.0	0.0	0.0	0.0	2.0e-5	0.0	4.0e-5	0.0	6.0e-5
0.0	0.0	0.0	0.0	0.0	0.0	0.0	0.0	0.0	0.0	0.0	0.0	0.0	0.0	0.0	0.0	0.0	0.0	0.0	0.0	0.0	0.0	0.0	0.0	0.0	0.0	0.0	0.0	0.0	0.0	0.0	2.0e-5	0.0	0.00024	0.0	0.00148	0.0	0.00166	0.0	6.0e-5	0.0	0.0	0.0	0.0	0.0	4.0e-5	0.0	2.0e-5	0.0	4.0e-5
0.0	0.0	0.0	0.0	0.0	0.0	0.0	0.0	0.0	0.0	0.0	0.0	0.0	0.0	0.0	0.0	0.0	0.0	0.0	0.0	0.0	0.0	0.0	0.0	0.0	0.0	0.0	0.0	0.0	0.0	0.0	6.0e-5	0.0	0.00018	0.0	0.0012	2.0e-5	0.00226	0.0	4.0e-5	2.0e-5	0.0	0.0	0.0	0.0	4.0e-5	0.0	6.0e-5	0.0	0.0
0.0	0.0	0.0	0.0	0.0	0.0	0.0	0.0	0.0	0.0	0.0	0.0	0.0	0.0	0.0	0.0	0.0	0.0	0.0	0.0	0.0	0.0	0.0	0.0	0.0	0.0	0.0	0.0	0.0	0.0	0.0	4.0e-5	0.0	0.00024	0.0	0.0014	0.0	0.0018	0.0	8.0e-5	4.0e-5	0.0	2.0e-5	0.0	0.0	4.0e-5	0.0	4.0e-5	0.0	0.0
0.0	0.0	0.0	0.0	0.0	0.0	0.0	0.0	0.0	0.0	0.0	0.0	0.0	0.0	0.0	0.0	0.0	0.0	0.0	0.0	0.0	0.0	0.0	0.0	0.0	0.0	0.0	0.0	0.0	0.0	0.0	4.0e-5	0.0	0.00024	0.0	0.00118	0.0	0.00178	0.0	4.0e-5	2.0e-5	0.0	0.0	0.0	0.0	2.0e-5	0.0	4.0e-5	0.0	0.0
0.0	0.0	0.0	0.0	0.0	0.0	0.0	0.0	0.0	0.0	0.0	0.0	0.0	0.0	0.0	0.0	0.0	0.0	0.0	0.0	0.0	0.0	0.0	0.0	0.0	0.0	0.0	0.0	0.0	0.0	0.0	6.0e-5	0.0	0.00016	0.0	0.00132	0.0	0.00166	0.0	2.0e-5	0.0	0.0	0.0	0.0	0.0	8.0e-5	0.0	0.0	0.0	0.0
0.0	0.0	0.0	0.0	0.0	0.0	0.0	0.0	0.0	0.0	0.0	0.0	0.0	0.0	0.0	0.0	0.0	0.0	0.0	0.0	0.0	0.0	0.0	0.0	0.0	0.0	0.0	0.0	0.0	0.0	0.0	8.0e-5	0.0	0.00016	0.0	0.0011	2.0e-5	0.00154	0.0	0.0	0.0	0.0	0.0	0.0	0.0	2.0e-5	0.0	0.0	0.0	2.0e-5
0.0	0.0	0.0	0.0	0.0	0.0	0.0	0.0	0.0	0.0	0.0	0.0	0.0	0.0	0.0	0.0	0.0	0.0	0.0	0.0	0.0	0.0	0.0	0.0	0.0	0.0	0.0	0.0	0.0	0.0	0.0	6.0e-5	0.0	0.00018	0.0	0.001	0.0	0.00126	0.0	0.0	4.0e-5	0.0	0.0	0.0	0.0	4.0e-5	0.0	0.0	0.0	0.0
0.0	0.0	0.0	0.0	0.0	0.0	0.0	0.0	0.0	0.0	0.0	0.0	0.0	0.0	0.0	0.0	0.0	0.0	0.0	0.0	0.0	0.0	0.0	0.0	0.0	0.0	0.0	0.0	0.0	0.0	0.0	2.0e-5	0.0	8.0e-5	0.0	0.00082	0.0	0.00138	0.0	2.0e-5	0.0	0.0	0.0	0.0	0.0	4.0e-5	0.0	2.0e-5	0.0	0.0
0.0	0.0	0.0	0.0	0.0	0.0	0.0	0.0	0.0	0.0	0.0	0.0	0.0	0.0	0.0	0.0	0.0	0.0	0.0	0.0	0.0	0.0	0.0	0.0	0.0	0.0	0.0	0.0	0.0	0.0	0.0	2.0e-5	0.0	0.0001	0.0	0.00082	0.0	0.00124	0.0	0.0	2.0e-5	0.0	0.0	0.0	0.0	2.0e-5	0.0	2.0e-5	0.0	0.0
0.0	0.0	0.0	0.0	0.0	0.0	0.0	0.0	0.0	0.0	0.0	0.0	0.0	0.0	0.0	0.0	0.0	0.0	0.0	0.0	0.0	0.0	0.0	0.0	0.0	0.0	0.0	0.0	0.0	0.0	0.0	0.0	0.0	0.00012	0.0	0.00056	0.0	0.0013	0.0	0.0	2.0e-5	0.0	0.0	0.0	0.0	2.0e-5	0.0	0.0	0.0	0.0
