0.39721707451160854	0.1672443008279884	0.05591200915475565	0.014915260527359428	0.008237803152039131	0.0006329424378141886
0.12270565755658414	0.08032124372894754	0.035729615870587726	0.012211992186435216	0.0084470657096384	0.0009199150188693052
0.09780261898756523	0.07721789111276631	0.039276453064097556	0.01498897918170597	0.011294139644851655	0.001480076102330697
0.08036391354727832	0.07445923388441311	0.042988805853414684	0.018547537624994195	0.014911071083079082	0.002393881091454421
0.06474389882651986	0.06968062667532864	0.04441077791781786	0.02084849078737796	0.017729379087685723	0.0033122467817213257
0.052662820430376164	0.0648841269492318	0.045201400240708865	0.023031931944554374	0.02044600350843135	0.004424793564072343
0.042440029435163486	0.06071501525987956	0.046670980970443324	0.025688258615209583	0.02362722897579446	0.00581796170154061
0.03314091675940574	0.05447322777403095	0.04572439217467566	0.02701610389625685	0.02562360526327493	0.007129609709938816
0.02653639903222383	0.050184468385106026	0.045583458850434286	0.028387735342695834	0.027585374821391454	0.008446234030859577
0.020849562457897392	0.04517917277822791	0.044457251424292216	0.02933684363431586	0.029062368849250182	0.009835549160129325
0.01600114875241345	0.04018513280246261	0.04333412918465774	0.03035077911557939	0.030541889297794576	0.01136190316699006
0.012189665229354706	0.03543865831321835	0.04175033368979061	0.030837776164827118	0.03144356021584882	0.012742359304861598
0.009292490640463759	0.031063992911219095	0.0398382374107097	0.031023286909068467	0.03194375377862008	0.014101930883889245
0.00704780224392842	0.027407616031237425	0.03866596450925072	0.031709345203397125	0.032902931571347126	0.015698372772765402
0.005150476298162031	0.023540036745486537	0.036797490999738384	0.031605117421924726	0.03304897575942782	0.01684101299993144
0.0038241221224265117	0.020234845647991925	0.034701916345897685	0.031197182043722464	0.032778039847502646	0.017893834720808303
0.0027020049492113654	0.017107110697133804	0.03325679638125916	0.03126296283257672	0.033005857703991136	0.018957911530894357
0.0018258809436065067	0.013920941665502815	0.031234090619892647	0.030791910844298997	0.03268779630378235	0.019620939672352605
0.0011932956595605366	0.01100117367543657	0.029237307532394768	0.030554946590271196	0.032618719926470655	0.020396433516765778
0.0007889785428282945	0.008597478793612272	0.026799750090933588	0.02981578978349632	0.0319725149080515	0.020967498528656755
0.0005300649250047263	0.006774992071274694	0.024740146445756644	0.029289538319863962	0.03150923184846339	0.021624963261061395
0.0003489283058546754	0.005211894130693057	0.02243145471452795	0.028417228570839205	0.030664317936172025	0.022039012337653825
0.00022605306451818348	0.003931910590994907	0.02014083131750468	0.027585106380324752	0.029841652449586174	0.022525830773243084
0.0001463134456174098	0.0029473791033661594	0.01799702314493172	0.02672725212470619	0.02897683583938948	0.022949449569789327
9.656932632264664e-5	0.002224589637179807	0.015994608083643603	0.02576275215333193	0.027948728550376226	0.023353142196390023
5.960299746434756e-5	0.0015877447088945094	0.013907741630276207	0.024797554394959637	0.026978441189162202	0.02369789266162348
3.9229001994718775e-5	0.0011835765505842184	0.01219629832945715	0.023673886951658982	0.02575349243523635	0.02382603984645155
2.5893024014207216e-5	0.0008802061455094579	0.010623666898653584	0.022509680336224365	0.024446594718429006	0.023944203481970922
1.6873253233397426e-5	0.0006457097748466304	0.009155133932485824	0.021277113377377647	0.023050903759683335	0.023959420763285364
1.0927168833250561e-5	0.00047302116429685657	0.007940262819352537	0.020184578401745968	0.021816358562025635	0.023808531290469042
7.192800903402406e-6	0.0003491528030893161	0.006874375584859739	0.01915818585388575	0.020626417479821257	0.02382383003443432
4.700694232980744e-6	0.0002546251653018216	0.005849599375906991	0.01791910270979188	0.01919636993324465	0.023615026738550315
3.065586038437386e-6	0.00018493398244752635	0.004951627601331523	0.01671016184191281	0.01778707303224978	0.023377098814374567
2.0182813053219e-6	0.00013596180579161486	0.004246532386917052	0.015678502797657774	0.01657188054747141	0.02305377543671956
1.283903522638806e-6	9.641364078297243e-5	0.0035402947201185735	0.014530488718401565	0.01525038212529595	0.022702644392703555
8.796191835725261e-7	7.2915585167685e-5	0.003051897958386244	0.013534554027024113	0.014052796536622685	0.022211521622683236
5.563433061432691e-7	5.120084471155831e-5	0.00250815189217125	0.01240131445159033	0.012753397971877327	0.021733510727690555
3.7454345629545945e-7	3.801708234075457e-5	0.002130517678243603	0.011474733466257811	0.011651346252422277	0.021217926827121918
2.5161958950221e-7	2.81921318833901e-5	0.0018055007921555912	0.010562521641162281	0.010581220593821826	0.02055750198048139
1.6078303585714817e-7	1.994074907911204e-5	0.0014833241969775459	0.009625018801269208	0.009515518485640993	0.019952902477497383
1.0562902047800607e-7	1.44938857496536e-5	0.0012427608473434641	0.008824027276995954	0.008597629369065664	0.01925335475066892
6.874743750338171e-8	1.0418060821932286e-5	0.0010305364009669693	0.008048238529238107	0.007723476716916501	0.01856567070540636
4.583950313742649e-8	7.616669396423681e-6	0.0008557648034227238	0.00729140322194059	0.00687522698210567	0.017802500338624735
2.951434897238541e-8	5.417832316588286e-6	0.0007039642562383692	0.006622063302114198	0.006139483739867396	0.01711528915839881
1.9429424977869856e-8	3.918036171389029e-6	0.000581484353857432	0.00599157586457711	0.005452317658858591	0.016372712719807222
1.2717737193900607e-8	2.8301811903638263e-6	0.0004830199352381554	0.005447988897325052	0.004866775593335081	0.01563801559327902
7.976359506587787e-9	1.9535873159983067e-6	0.00038662180842177605	0.004873547759032027	0.004274004952665523	0.014950749969268639
5.194847185742114e-9	1.396240092859734e-6	0.0003165812844234665	0.0043926118753212316	0.003775064029427556	0.014247046059910532
3.351675252847082e-9	9.860512016349256e-7	0.0002555632094947657	0.003912886797711724	0.00329249582297509	0.013473270749290722
2.1790293918924722e-9	7.026016238084355e-7	0.0002084857102724624	0.0035176502164135006	0.00289596412921438	0.012806715572852427
1.3589342591800662e-9	4.796867488734855e-7	0.0001643137850851462	0.0031098436265263553	0.0025053506413193418	0.01214411894717027
8.980976305594314e-10	3.4564608527582295e-7	0.00013416622962217806	0.0027803931286123516	0.002186460297751266	0.011456445739865585
5.612202069404207e-10	2.3582926309380674e-7	0.00010518844994017896	0.0024406260428898358	0.0018745840794583148	0.010782162033035775
3.606576160671357e-10	1.6516850942719766e-7	8.403184047619166e-5	0.0021613110677102076	0.0016187659484295878	0.01015455648813374
2.2625036484238122e-10	1.1279343871668662e-7	6.574500262612344e-5	0.0018959997305105505	0.0013843786980108402	0.009568836130280286
1.4640658208309789e-10	7.932702978497687e-8	5.2474956448547295e-5	0.001672240790824341	0.0011885057155622267	0.008958512856556848
9.375009270815648e-11	5.531182414164036e-8	4.178265826178474e-5	0.0014799475508017975	0.0010240584851985881	0.008426699044438084
5.838298398425058e-11	3.738322473511027e-8	3.228218874732325e-5	0.0012857877310610314	0.0008659124088729257	0.007887555795524507
3.757120951298667e-11	2.614659707013753e-8	2.569725497426811e-5	0.0011342352575358617	0.0007427003190047224	0.007370055303864734
2.3400968029291074e-11	1.7572984405962605e-8	1.9591350393482183e-5	0.0009733921934980022	0.0006189973474769846	0.006860253603735629
1.5165587163895282e-11	1.2337086891142399e-8	1.557646940136105e-5	0.0008570790155054826	0.0005287897693347464	0.006409484422779416
9.970238903294799e-12	8.801686377744535e-9	1.2593040120885594e-5	0.0007634700698098341	0.00045713905398361696	0.006010396925102754
6.088291777423897e-12	5.799830112940334e-9	9.45107272352749e-6	0.0006497331789819414	0.0003776842649481199	0.005573722103725293
3.864679302651778e-12	3.967173994523882e-9	7.290584290654894e-6	0.0005589738651419087	0.00031468307731673164	0.005149357315615668
2.5478440395713395e-12	2.8449014735259476e-9	5.9569195232858e-6	0.0005040113522267149	0.0002751248429926077	0.004855953626860707
1.566776176660981e-12	1.868071900588689e-9	4.371573946290415e-6	0.00041679207222267644	0.00022008063493775167	0.004414520290386419
1.0069239030286747e-12	1.3019728377507923e-9	3.4698600030480703e-6	0.0003684237117197376	0.0001883095667882116	0.004129776718484193
6.237841494364311e-13	8.62275706832659e-10	2.569891949890386e-6	0.000306515155789742	0.00015127827851741743	0.0037536925217097313
4.0637340217025703e-13	6.055924464491729e-10	2.031005450697881e-6	0.000268039196710528	0.00012765978946653218	0.00347975728073953
2.5355968820483553e-13	4.055271755537319e-10	1.5289240861613693e-6	0.0002262289754544566	0.00010395212659008117	0.0031784390258987215
1.58476418867971e-13	2.724171814605371e-10	1.1593000608288078e-6	0.00019302019186799032	8.55204534783699e-5	0.0029350263912986323
1.0386577263602835e-13	1.924293199632031e-10	9.210629363563118e-7	0.00016941389807668744	7.235370794502101e-5	0.0027198844105887116
6.691696977997943e-14	1.3295753575178752e-10	7.113172009728526e-7	0.00014498245961917376	5.9659734724777226e-5	0.0024869728816902512
4.0610899744865885e-14	8.645321550413106e-11	5.217098796069634e-7	0.00012071064426870428	4.7868212398200796e-5	0.002271079485946101
2.5565067162435255e-14	5.834109273770243e-11	3.9518727724610034e-7	0.00010241586591027756	3.907255923982657e-5	0.002079730986357317
1.6534571000549584e-14	4.0553781016186545e-11	3.0855087313834725e-7	8.880976350411713e-5	3.259590477075615e-5	0.0019178250972105059
1.0423898991610963e-14	2.7331320250272988e-11	2.3234199342762914e-7	7.477595965372492e-5	2.6386220081914045e-5	0.0017463436808306352
6.5927484806527484e-15	1.8487275738154743e-11	1.7554813500289915e-7	6.301945450953907e-5	2.1362364538561223e-5	0.001585423521422969
4.113597217782249e-15	1.2261700041612308e-11	1.290618382492666e-7	5.188149104593614e-5	1.6857198400634536e-5	0.0014278133752368958
2.559017852896659e-15	8.14016181024345e-12	9.569842417988215e-8	4.322557857090063e-5	1.3456742538494719e-5	0.0012964922323365604
1.6774813413178877e-15	5.763065977911289e-12	7.699103227946838e-8	3.888638459528885e-5	1.163018984521811e-5	0.001232244372538717
1.02705075897365e-15	3.757664797511131e-12	5.596365959452183e-8	3.1757041497295015e-5	9.116313803267793e-6	0.0010988654180264918
6.682353849894467e-16	2.5906871582265435e-12	4.2403914139487605e-8	2.654042675555924e-5	7.284318729315264e-6	0.0009890759450721196
4.06040048815018e-16	1.680071457409758e-12	3.1046981174549294e-8	2.2215595988454995e-5	5.846183387901771e-6	0.000915505971742383
2.73469138256648e-16	1.1946623811583835e-12	2.407183358022581e-8	1.8724253202117448e-5	4.701319228855648e-6	0.0008189212526015071
1.7232382953483812e-16	8.007605420044405e-13	1.8072784571283905e-8	1.5751991427161283e-5	3.7859188284920073e-6	0.0007438576276455514
1.1073840578226809e-16	5.417364303987564e-13	1.3501232529632477e-8	1.3062808419159663e-5	2.9982372058953457e-6	0.0006673526036234177
7.215513832242668e-17	3.74847174335888e-13	1.055816715689708e-8	1.1389288440678245e-5	2.5047047876102928e-6	0.000614806369915886
4.639806001253567e-17	2.510832845375466e-13	7.879177604573431e-9	9.543723397457255e-6	2.00839759791388e-6	0.0005611417746981649
2.953184357890696e-17	1.6179776508262824e-13	5.478372868793458e-9	7.33746785957092e-6	1.4689593664449223e-6	0.00047791195915110573
2.0567381558950333e-17	1.147481272635686e-13	4.3300885206879946e-9	6.379518368509983e-6	1.2175433024483224e-6	0.00043617366210904515
1.4006527520812063e-17	7.765355548360944e-14	3.2877083714047136e-9	5.422332757679559e-6	9.886141150212845e-7	0.0003977869596424786
9.620836281102388e-18	5.011407217794404e-14	2.2806767018367717e-9	4.1434290647665635e-6	7.169188014782956e-7	0.0003355237617661583
7.124346656645162e-18	3.448687666757657e-14	1.7727888523179175e-9	3.5983162931389516e-6	5.934940544891213e-7	0.00030852645308497844
5.4601620359088295e-18	2.3000994224792807e-14	1.291863522854892e-9	2.8926372012091373e-6	4.531258276851477e-7	0.00026825941402208226
4.577704800233338e-18	1.6309665818647655e-14	1.0351926076063137e-9	2.568854057863681e-6	3.8386644564551315e-7	0.00024823523472386434
3.600041731666702e-18	9.924211484437905e-15	6.706628787106225e-10	1.8567192293937089e-6	2.62428530971908e-7	0.00020493190835235155
3.4647134200574476e-18	7.534373242814962e-15	5.929639457051054e-10	1.8218685613952229e-6	2.462484399128606e-7	0.00020134286503429617
3.0225141843758433e-18	4.675764427866242e-15	3.839906379507342e-10	1.2937051811117711e-6	1.650894290616906e-7	0.00016252153199627307
2.868785096521724e-18	3.1995446693679704e-15	2.9127750596546153e-10	1.0846035277076583e-6	1.3116259444988996e-7	0.00014482404721525053
2.7260550052794686e-18	2.1850457601331907e-15	2.2730221655432115e-10	9.528596440040233e-7	1.0980302924835032e-7	0.00013415718301816931
2.736473189027787e-18	1.5194523737681527e-15	1.721852424873049e-10	7.885412507900565e-7	8.616404215265803e-8	0.00011817003928349775
2.6775850374712796e-18	1.0358584223192326e-15	1.3163175193374763e-10	6.72106163608676e-7	6.992975080364564e-8	0.00010693006155337803
2.511842398003691e-18	6.484813052533695e-16	8.68350040635799e-11	4.874347087095329e-7	4.782751093712989e-8	8.72159561628833e-5
2.469477508899351e-18	4.4348328170602024e-16	6.734839100262325e-11	4.2393057871400287e-7	3.950856232426933e-8	8.006150873107213e-5
2.5220555642550126e-18	3.0101208365531697e-16	4.778809289278397e-11	3.2270719377630717e-7	2.827452830401527e-8	6.59928669369691e-5
2.331647091360688e-18	1.917175801397253e-16	3.4252927004920924e-11	2.6232813650370144e-7	2.1765661107493486e-8	5.841971261996771e-5
2.3486164350735786e-18	1.3152454875494984e-16	2.567952328374987e-11	2.1622943705583167e-7	1.693282577190456e-8	5.125073132391245e-5
2.3348758008173892e-18	8.773553532359042e-17	1.819801409605718e-11	1.66941231858923e-7	1.2288679887611082e-8	4.2875699104896815e-5
2.3601486317971813e-18	6.144675659386633e-17	1.4183411996723534e-11	1.4437404649712864e-7	1.0045670020337202e-8	3.893482273174318e-5
2.2279063575056398e-18	3.850215179003228e-17	9.181069714898369e-12	1.0228306331350248e-7	6.6642698848403645e-9	3.101242511284488e-5
2.2720575665769118e-18	2.756040705519596e-17	7.271833102407271e-12	8.997162714452444e-8	5.529021453670098e-9	2.8522878186507538e-5
2.2648843971536246e-18	1.9170356085258923e-17	5.430111492806379e-12	7.406667183981242e-8	4.290617866243594e-9	2.49212730325626e-5
2.2502535323668503e-18	1.3235074312704196e-17	3.886039308716119e-12	5.8271676413768286e-8	3.170834677078728e-9	2.1355107380670773e-5
2.219279211953861e-18	9.242717060657655e-18	2.774343924651452e-12	4.559684145554783e-8	2.3290326382826328e-9	1.803529193902779e-5
2.232702868395992e-18	6.792851108993194e-18	2.070005661114539e-12	3.742410898743717e-8	1.796291896966787e-9	1.5769686412880106e-5
2.1293578799865592e-18	4.794549980476552e-18	1.417486428103852e-12	2.8258271112053745e-8	1.2709876914463253e-9	1.3071948574991088e-5
2.180127257343151e-18	3.809447937837428e-18	1.0750516705035761e-12	2.3469083642575433e-8	9.90176913875988e-10	1.1471919225686352e-5
2.112897514942253e-18	2.9848005091810508e-18	7.841361052426997e-13	1.9049451107694693e-8	7.554471826039492e-10	1.0011884119467923e-5
2.1806025443378117e-18	2.505210468211403e-18	5.55845917308227e-13	1.4459704170873715e-8	5.349633907674496e-10	8.164086411904045e-6
