0.39746935598254196	0.18742494180366923	0.07317611081715505	0.09347706070890133	0.013173341413994696	0.004512017624321743
0.13753484596311447	0.10960865866526051	0.05853749419433884	0.060319033514057936	0.018448883712354595	0.0061091216109128805
0.10974906234768685	0.1033756970897528	0.06404317367559538	0.0633575802574961	0.02539983729842234	0.008713413905855926
0.08620446158684864	0.09437326614598983	0.06694504612448667	0.06445618025450105	0.03195434358374357	0.011494621525544332
0.06683612027221134	0.08402759209243926	0.06765959162244328	0.06398153142648236	0.0378023130008554	0.014364270647144834
0.05125565333480696	0.07333740069180664	0.06661227826942163	0.06227419691855775	0.04273217624892865	0.017238745325466855
0.038940832854591725	0.06296511468868977	0.06420819252766778	0.0596395318025962	0.046622396624121515	0.02004206076060797
0.02934516680425901	0.05331831655847453	0.06081411498760142	0.05634339208155962	0.04942862772878782	0.02270776310492473
0.021956504514367103	0.04461837106026877	0.05674912005595735	0.0526112375781504	0.051168885310667094	0.025180060456856973
0.016324229511227348	0.03695575226045231	0.05228127416077312	0.048629537050531246	0.05190846280012715	0.027414301488237855
0.012067911920801878	0.030333061768923336	0.0476284884033282	0.04454863668867735	0.05174576529738869	0.029376920962983655
0.00887568311726206	0.024697397374818676	0.0429620173123934	0.040486463185897166	0.050799782154295044	0.03104496761211575
0.006497482354793751	0.019963935947318764	0.03841147101746916	0.036532603220104445	0.04919956483653435	0.032405321460697176
0.004736266570364101	0.016032533340206413	0.03407051989014609	0.03275243691123196	0.047075816371371954	0.03345369642926004
0.0034389442194844183	0.012798947851855879	0.030002721074168855	0.029191108546022883	0.044554518579091304	0.03419351119319329
0.0024879569960011495	0.010162043808108692	0.026247091448274053	0.025877198429999644	0.041752408870731623	0.034634697912032726
0.0017939238912801853	0.008028075841570352	0.022823199161800665	0.02282601966271501	0.03877405522555161	0.034792505304117496
0.00128946560673085	0.006312918245491131	0.019735654035374077	0.020042506985596797	0.03571025287077385	0.03468634018179789
0.0009241659599887035	0.004942899268571334	0.01697795352554056	0.01752369513449644	0.03263746786205784	0.0343386803324457
0.0006605487000961601	0.003854730855566299	0.014535692517225456	0.015260804312421845	0.029618071949345053	0.03377408173496215
0.000470919151175551	0.002994888836107781	0.012389177862361146	0.013240962940523576	0.026701142561484592	0.033018294627519235
0.0003349186743693088	0.0023186932280004017	0.010515507251413637	0.011448604742233583	0.023923636025935863	0.03209749588945435
0.00023765260851842877	0.0017892585153475185	0.008890180658377224	0.00986658005551468	0.021311777387351863	0.031037639505229312
0.00016827103475266708	0.0013764247605555862	0.007488314358416487	0.008477021294004693	0.018882543808066567	0.02986392243546819
0.00011890177871077917	0.0010557378563271777	0.00628552476852738	0.007262000642774353	0.01664514893479842	0.02860035989781477
8.385405261766612e-5	0.0008075173424671335	0.005258543885428572	0.006204015095053698	0.014602461966458265	0.02726946171438378
5.902790047410378e-5	0.0006160298656610242	0.004385621180323873	0.00528633033884621	0.012752317171056963	0.02589199986562182
4.1478763235533116e-5	0.00046877302669539526	0.0036467593591105424	0.004493211162641327	0.011088687361776674	0.024486856559335
2.9098068130999545e-5	0.00035586606585316785	0.00302382401323992	0.003810062226442596	0.009602708676609685	0.023070941844516364
2.0380016538057156e-5	0.0002695390756783399	0.0025005602514944136	0.0032234994079826758	0.008283554369265604	0.021659169950755335
1.425202981076451e-5	0.000203710073624827	0.002062543133812185	0.0027213685876860726	0.007119162725922017	0.020264484007818728
9.951955547840836e-6	0.0001536384901363316	0.0016970832265294283	0.0022927257344703845	0.006096829192984419	0.018897919503543487
6.939456474497103e-6	0.00011564383956730212	0.0013931038864732678	0.0019277895181580996	0.005203675826791597	0.017568697693114567
4.832277876276482e-6	8.687912888380445e-5	0.0011410029302928067	0.0016178753997967833	0.004427012699661406	0.016284341114596947
3.360549465554317e-6	6.514964120792077e-5	0.0009325080953682454	0.0013553182198723086	0.003754606301330034	0.015050804342477115
2.3341122914951463e-6	4.8768923156095774e-5	0.0007605330733794771	0.0011333886883123049	0.003174869582371593	0.013872614082614221
1.6192208046319871e-6	3.64449904021673e-5	0.0006190388147825349	0.0009462078465750142	0.002676987358408685	0.012753013648091548
1.1219717167299731e-6	2.7190876692843462e-5	0.0005029031802737321	0.00078866248659639	0.0022509895377272444	0.011694107734269248
7.76545282424128e-7	2.0254651915902378e-5	0.000407800776890939	0.0006563236399895429	0.001887783208787197	0.010697004218343867
5.368800195487774e-7	1.5064910426748554e-5	0.0003300938920223917	0.0005453695615687019	0.0015791531453387335	0.00976195043529633
3.7079074962223635e-7	1.1188480815325753e-5	0.0002667347669387828	0.0004525140945871459	0.0013177388385653614	0.008888462024360621
2.558211788884579e-7	8.297739754481769e-6	0.00021517897981728339	0.00037494089470280125	0.0010969948035875689	0.008075442997850213
1.7632505633385984e-7	6.145436863310401e-6	0.00017330939216862458	0.0003102436825024959	0.0009111396660056852	0.0073212961598877494
1.2141567037936673e-7	4.545367779527999e-6	0.00013936991534436186	0.000256372470471586	0.0007550984308518585	0.006624023400837704
8.352782958010017e-8	3.35758223446309e-6	0.00011190824545427962	0.0002115855526132837	0.0006244413772879251	0.005981315719933508
5.7411029426364056e-8	2.477095550534818e-6	8.972667156806597e-5	0.00017440693924941086	0.0005153222051096042	0.005390633090430971
3.942561787672334e-8	1.8252971451440412e-6	7.184006457591362e-5	0.0001435888540548636	0.00042441737544751803	0.004849274485719965
2.705151091459894e-8	1.3434284464709634e-6	5.744018783664827e-5	0.00011807887541140475	0.00034886802639255726	0.0043544385383685906
1.854576226418513e-8	9.876437960886112e-7	4.5865524528021944e-5	9.6991291875923e-5	0.00028622539121279575	0.003903275414066379
1.2704214411325939e-8	7.252787579953362e-7	3.6575882031257644e-5	7.958224567662616e-5	0.00023440028836085495	0.0034929305555294237
8.695814821978129e-9	5.320368613913031e-7	2.9131104581751668e-5	6.522825372873619e-5	0.00019161697481585388	0.00312058099380978
5.947590392108876e-9	3.898731716386915e-7	2.317329742213369e-5	5.3407718844761696e-5	0.00015637144447169077	0.002783464941743114
4.064888962818542e-9	2.8540526884645437e-7	1.841203579686582e-5	4.368507164742314e-5	0.00012739409940688961	0.0024789053815115984
2.7761401585525727e-9	2.0872248392165167e-7	1.4612098369224672e-5	3.5697213949226486e-5	0.0001036166133836485	0.0022043283399345347
1.894641338608189e-9	1.5249520811976104e-7	1.1583325844569806e-5	2.9141965400270926e-5	8.414273461490898e-5	0.001957276514979949
1.2921504242380735e-9	1.1130982531281804e-7	9.17226114455567e-6	2.3768245848188487e-5	6.822273083070827e-5	0.0017354188784093098
8.806570277298916e-10	8.117294978295364e-8	7.255277201332729e-6	1.936775528793932e-5	5.52311573461844e-5	0.0015365568351946974
5.998119730824491e-10	5.914246744259414e-8	5.7329424177106105e-6	1.5767940972370406e-5	4.4647622705869766e-5	0.0013586274726752787
4.0826740389237734e-10	4.305337478834718e-8	4.525412344226692e-6	1.282606688865758e-5	3.604023209375216e-5	0.0011997043832101954
2.7771665937515377e-10	3.1314364362072494e-8	3.5686695471293703e-6	1.0424224222369469e-5	2.9051402485188566e-5	0.0010579964948194546
1.8879607433302093e-10	2.275711897115405e-8	2.8114624342389586e-6	8.465142587936561e-6	2.338576266365046e-5	0.0009318452961327541
1.282695910511081e-10	1.6524812572628554e-8	2.2128184442586748e-6	6.868680742546816e-6	1.8799873559745666e-5	0.0008197207957521313
8.709633607503104e-11	1.1989729252742839e-8	1.7400279629293509e-6	5.5688923170922225e-6	1.5093528248224e-5	0.0007202165124996698
5.910537541679132e-11	8.69247540485576e-9	1.3670130604082537e-6	4.511576926146609e-6	1.2102415148374198e-5	0.0006320437523854976
4.00876215315308e-11	6.2971817910660376e-9	1.0730100719275448e-6	3.6522400134351455e-6	9.691951648524168e-6	0.0005540253907470896
2.717408454377483e-11	4.5585297536139516e-9	8.41507555221618e-7	2.954396113944942e-6	7.752117924436076e-6	0.0004850893439972483
1.8410509522041333e-11	3.297509381098887e-9	6.593916014398888e-7	2.3881600343747764e-6	6.193141765405128e-6	0.0004242618847875322
1.2466590869611271e-11	2.3836177276323027e-9	5.162591600878078e-7	1.92907893154345e-6	4.941904544463236e-6	0.00037066092707693945
8.437333533694513e-12	1.7218007859189208e-9	4.038672339388486e-7	1.5571655572208168e-6	3.938955975122837e-6	0.0003234893834614285
5.7074587804133556e-12	1.24288547275355e-9	3.156917423782543e-7	1.256099180808219e-6	3.1360409794796496e-6	0.0002820286759936732
3.8589104748624235e-12	8.965762184535572e-10	2.465747443569076e-7	1.0125660298905672e-6	2.4940559058712738e-6	0.0002456324633999385
2.6078051188545703e-12	6.46333981350702e-10	1.9244272889516548e-7	8.157156222031875e-7	1.981363574510202e-6	0.00021372063186011727
1.7614815472862734e-12	4.6563543643748537e-10	1.5008196975761435e-7	6.567132080917151e-7	1.5724073178812702e-6	0.0001857735831273704
1.1892618644139786e-12	3.352430051107716e-10	1.1695962659489284e-7	5.283717953803655e-7	1.2465734541346678e-6	0.000161326842494215
8.025592257444633e-13	2.412144527374687e-10	9.108146276670647e-8	4.2484997284610095e-7	9.872596260498266e-7	0.0001399659997357953
5.413530042663094e-13	1.7345303128782918e-10	7.087882837518019e-8	3.414040580315287e-7	7.811132939359244e-7	0.00012132198846101051
3.649987837735963e-13	1.2465231246116986e-10	5.511899927241048e-8	2.741850342789803e-7	6.174105210727621e-7	0.00010506670307269596
2.4598755056907057e-13	8.952893547587766e-11	4.283413004032913e-8	2.2007236646061722e-7	4.875501596924021e-7	9.090894758774763e-5
1.6571011516623911e-13	6.426518325339707e-11	3.326502173420729e-8	1.7653814311224264e-7	3.846427488664727e-7	7.859070672072084e-5
1.1158410344627644e-13	4.610433933051234e-11	2.581666524387005e-8	1.415361259827751e-7	3.0317697713367073e-7	6.788372672953954e-5
7.510627082739829e-14	3.305718896578592e-11	2.0023132761633923e-8	1.1341123186171989e-7	2.387495355790334e-7	5.858639141480721e-5
5.053283736225997e-14	2.3689304827586435e-11	1.5519881180925048e-8	9.082575620863832e-8	1.8784667408883616e-7	5.052087722551226e-5
3.3985819769530264e-14	1.6967000896991232e-11	1.2021925285492176e-8	7.269929931643185e-8	1.4766784734821138e-7	4.353057053913158e-5
2.284816253847513e-14	1.2145857854203562e-11	9.306654086029824e-9	5.815989530947057e-8	1.1598356120277975e-7	3.7477729752657175e-5
1.5354549396873296e-14	8.690114772178754e-12	7.2003158822874655e-9	4.650429064773815e-8	9.102095914569382e-8	3.22413747552642e-5
1.0314730013135214e-14	6.214422708525628e-12	5.5673989641729425e-9	3.7165687523660557e-8	7.137187013396421e-8	2.7715386577485746e-5
6.926539231244042e-15	4.441786497694631e-12	4.302295350074119e-9	2.9687571670059998e-8	5.591901308195353e-8	2.3806800460987087e-5
4.6495931973658744e-15	3.1732166776339585e-12	3.3227627055537194e-9	2.3702494610781523e-8	4.377685461563819e-8	2.0434276212240032e-5
3.1200126411920074e-15	2.2658460044554034e-12	2.564801133368972e-9	1.8914886457955e-8	3.424427413694152e-8	1.7526730446211076e-5
2.092873282370493e-15	1.6171601347848673e-12	1.978642143997913e-9	1.508714465755735e-8	2.6766728525503453e-8	1.502211615395145e-5
1.4033858082910349e-15	1.1536416049166e-12	1.5256110377961728e-9	1.2028382998222088e-8	2.0906048551925366e-8	1.2866335908856022e-5
9.407215973843945e-16	8.225971984856534e-13	1.1756745517113109e-9	9.585339043909223e-9	1.6316357584745946e-8	1.1012275934404082e-5
6.303725587513967e-16	5.862799992334159e-13	9.05525665162742e-10	7.635031344769412e-9	1.272489487034924e-8	9.418949170584712e-6
4.222676770412209e-16	4.1766443094376555e-13	6.970890962559982e-10	6.078833983283293e-9	9.916762547990204e-9	8.05073638051328e-6
2.827710110901572e-16	2.974112635196184e-13	5.363559874534878e-10	4.837698254805962e-9	7.722807577413258e-9	6.876715220266011e-6
1.8929560611231048e-16	2.116887181841837e-13	4.1247596353860856e-10	3.848302067299867e-9	6.010005126267673e-9	5.870068044154518e-6
1.2667964305852798e-16	1.5060909419562281e-13	3.170502462430831e-10	3.059949040805335e-9	4.673835467053846e-9	5.007560027624536e-6
8.474923258352215e-17	1.0710767564523742e-13	2.4358170536548484e-10	2.4320729958689008e-9	3.6322476423475944e-9	4.2690799559693265e-6
5.667993087845411e-17	7.613924633986936e-14	1.8704731114647277e-10	1.9322309428728186e-9	2.8208846443910443e-9	3.6372367461630655e-6
3.789564876594805e-17	5.410254997596721e-14	1.4356597858336043e-10	1.5344899723876928e-9	2.189310362119727e-9	3.097005439854779e-6
2.532898202455569e-17	3.8428250915035654e-14	1.1014069799908985e-10	1.2181315452641663e-9	1.6980311301306642e-9	2.63541702758443e-6
1.6924517428268397e-17	2.7284104326596465e-14	8.445847296451685e-11	9.66611364762762e-10	1.3161468589429404e-9	2.241287038159382e-6
1.1305422448248694e-17	1.936410403135516e-14	6.473520951133657e-11	7.667249157452148e-10	1.0195004579263333e-9	1.904978354124589e-6
7.54972218067197e-18	1.3737765526288938e-14	4.95955348219011e-11	6.079383964055544e-10	7.89221223764653e-10	1.6181941961529626e-6
5.040231838483345e-18	9.742447840043121e-15	3.797973899828582e-11	4.818525698185704e-10	6.105793884854182e-10	1.3737976581226299e-6
3.3639310005263356e-18	6.9064621156427665e-15	2.9071763765785348e-11	3.8177337138658144e-10	4.720861773998537e-10	1.1656545730333316e-6
2.2445138324779007e-18	4.894191293971281e-15	2.224351220010585e-11	3.0236820582856446e-10	3.647873867580624e-10	9.884968502940716e-7
1.497192756817952e-18	3.4669387204891578e-15	1.7011806406077432e-11	2.393909831133147e-10	2.817093529052058e-10	8.378037499093576e-7
9.984237909064554e-19	2.4550108686465914e-15	1.3005140380726558e-11	1.8946226333604415e-10	2.1742481181029902e-10	7.096988513326277e-7
6.656338693086037e-19	1.7378198936703435e-15	9.938013935135709e-12	1.498935576681909e-10	1.6771299186922324e-10	6.008607368348678e-7
4.436501907375355e-19	1.2297086264463927e-15	7.591130387000391e-12	1.185469893440296e-10	1.292937061995895e-10	5.084456436705484e-7
2.9561887081005493e-19	8.698567925776087e-16	5.79612697261085e-12	9.37232551071111e-11	9.961950339022168e-11	4.3002054852611277e-7
1.9692972566166635e-19	6.150965843444133e-16	4.423806968758005e-12	7.40722246154216e-11	7.671332984065284e-11	3.635053340011622e-7
1.3115336255497991e-19	4.3480124565160084e-16	3.375075434030569e-12	5.852163858687989e-11	5.904183767494192e-11	3.0712285235827893e-7
8.732487586878126e-20	3.0725007912591776e-16	2.5739611669189535e-12	4.6220269030831383e-11	4.5416587459942584e-11	2.5935584850212737e-7
5.812838430265098e-20	2.1704450726250938e-16	1.9622475531409714e-12	3.6492629668684374e-11	3.4917062241959885e-11	2.189098339862236e-7
3.8684016589800323e-20	1.5327204210931664e-16	1.4953434933785581e-12	2.8802906266131268e-11	2.6830722304900812e-11	1.846811185269744e-7
2.5737667421247946e-20	1.0820222082978803e-16	1.1391096196705466e-12	2.2726243067321682e-11	2.060636287567515e-11	1.5572930661894307e-7
1.7119945507801324e-20	7.636075189553263e-17	8.674200147437231e-13	1.7925895413994273e-11	1.5817848732474706e-11	1.3125365584630377e-7
1.1384982586204589e-20	5.3872443852767965e-17	6.602899139175719e-13	1.4135058148074367e-11	1.2135937045054565e-11	1.1057277169664582e-7
