0.37195759812636414	0.15850975772479892	0.054688216389617426	0.07541997934326823	0.006712583749836505	0.002281543747215396
0.12249403338632525	0.08452269951437377	0.03737118824214127	0.04111293972919796	0.007711031554994804	0.0022725778779115195
0.10253438568241142	0.08364506909849703	0.04211453397866014	0.04431927621622687	0.010656819740320782	0.0031191495500885744
0.08447466601528082	0.08042144760199631	0.045788329962306216	0.04659006405724902	0.013792678086019007	0.004073814378114406
0.0686762276072183	0.07556624748135643	0.048412507300975266	0.047995471299918935	0.017019528200225478	0.005126609778182523
0.055201854205733564	0.06967686532493085	0.05004465988124888	0.048619975050900814	0.02024072487062787	0.006265447014589226
0.04393620076277743	0.06323404527908556	0.05076911987738553	0.04855626385312603	0.023366197600024605	0.007476512300149234
0.034668256645062484	0.056610165490287634	0.050687459214008905	0.047900277906476246	0.026315626938007267	0.008744683581421412
0.02714576642502741	0.05008187695855506	0.04991052618518999	0.04674730320766131	0.029020657838958214	0.01005394870912049
0.021109515294349603	0.04384458472593842	0.04855200890073002	0.04518901029473972	0.03142621007523855	0.01138781265518749
0.01631355992225951	0.03802709204320977	0.04672343681636065	0.04331131611413748	0.03349098537577333	0.012729683410292873
0.012535946822726898	0.032705357511696544	0.04453048091956288	0.0411929448604915	0.035187294687041716	0.014063228165622754
0.009583221931192877	0.02791477577391424	0.04207038558457696	0.03890456756335017	0.036500339525087876	0.01537269331859453
0.007291072872873892	0.023660716594340228	0.03943035492452063	0.03650840845425864	0.0374270816647274	0.016643183702557945
0.005522719191262152	0.019927274977085203	0.03668671877702343	0.034058217017098824	0.037974828101320815	0.017860898183528335
0.004166131679166784	0.016684322272539815	0.033904714245220825	0.03159951680782438	0.03815964572858345	0.01901332035546059
0.0031307785779871454	0.013893026670552706	0.031138734769203775	0.029170054678715585	0.03800470454552719	0.020089364470817807
0.0023443279073159665	0.011510048464050049	0.0284329175430863	0.02680038628732523	0.0375386310978792	0.02107947794647791
0.0017495520137041454	0.009490624536891262	0.02582195987169314	0.024514545262017292	0.03679393656739035	0.021975702777621953
0.0013015591693203558	0.007790747895016951	0.023332074462879958	0.02233075385620182	0.0358055674031721	0.022771698974500182
0.0009653997019660297	0.006368629173060566	0.020982011795275677	0.020262142204087848	0.034609611304485366	0.023462733716843667
0.0007140471999382653	0.005185603154787388	0.018784094048533522	0.018317451340503114	0.03324217812668159	0.02404564031205248
0.0005267289204648162	0.0042066179801173486	0.0167452193582008	0.016501701983594096	0.03173846410030312	0.024518751264262367
0.000387566551153527	0.0034004201246317077	0.014867807277549345	0.014816816766615561	0.03013199867721331	0.024881809832745093
0.0002844839595073723	0.002739525745303951	0.013150666347596214	0.013262188238010971	0.028454066277223883	0.02513586440192864
0.0002083391099797396	0.002200049248210028	0.011589772737346926	0.011835188638734177	0.026733290050261524	0.025283149823967965
0.00015224065720763276	0.0017614431674338649	0.010178955216033526	0.010531620330220098	0.024995361285026784	0.025326959649914396
0.00011101436622819422	0.0014061895845187034	0.008910486481385852	0.009346107903292523	0.02326289604861771	0.025271512857544587
8.078955067333873e-5	0.0011194721338372636	0.007775584323046465	0.008272434560048914	0.021555399786355806	0.025121818331472805
5.868062071987669e-5	0.0008888488156322299	0.006764828471365244	0.0073038264314965245	0.01988932070588276	0.024883539970971976
4.254330587971897e-5	0.0007039390295651656	0.0058685004762012586	0.0064331891672551635	0.01827817358896917	0.02456286490749446
3.0789034930986244e-5	0.00055613310650966	0.005076854763964413	0.00565330149274993	0.016732717015412575	0.024166376919551064
2.2244285500232128e-5	0.0004383288394884052	0.004380329296149295	0.004956970545522506	0.015261168669415811	0.023700936747600834
1.604448434691181e-5	0.00034469681654675845	0.003769704137011194	0.004337153736305667	0.013869445281413326	0.02317357064407947
1.1554300795975294e-5	0.000270474499436196	0.0032362158464387687	0.0037870516829445855	0.01256141571671613	0.022591368149956256
8.307996629011459e-6	0.0002117877724376193	0.0027716350395321655	0.0033001764775473187	0.011339157662040801	0.021961389773819347
5.964944484954515e-6	0.00016549794261958923	0.002368313770635752	0.0028703992026967826	0.010203210211240543	0.021290584965496375
4.276567838416873e-6	0.00012907177627869744	0.0020192086635157326	0.002491980237353921	0.009152816362583204	0.020585720525372823
3.0618464258873553e-6	0.00010047200446342004	0.0017178849636191522	0.00215958550735214	0.008186150979685178	0.019853319373424796
2.1892211202042507e-6	7.806574518466672e-5	0.0014585059636185755	0.0018682914541533946	0.007300531119403309	0.019099609418239183
1.563263287602684e-6	6.0548412341776904e-5	0.00123581157076491	0.0016135811296132878	0.006492606786962917	0.018330482114811728
1.1148797932878197e-6	4.6880868214276106e-5	0.0010450891572716355	0.0013913334812620775	0.005758531144711064	0.017551460179007123
7.941337258246455e-7	3.6237796451278036e-5	0.0008821392703856999	0.0011978075766972476	0.00509410998604835	0.016767673834080465
5.649946930718018e-7	2.7965504114323894e-5	0.0007432382797914005	0.0010296232295998672	0.004494930904728645	0.015983844898141777
4.0150866540599626e-7	2.154758992146158e-5	0.0006250996060669057	0.0008837392345045617	0.003956473059019802	0.015204277978234893
2.850094704265749e-7	1.6577132139399273e-5	0.000524834802276903	0.0007574301924237668	0.0034741987687801285	0.014432858014052632
2.0209278281919887e-7	1.2734248183168627e-5	0.0004399154471230164	0.0006482627135420334	0.003043628410204071	0.013673053409464987
1.4314697564415066e-7	9.768056260721778e-6	0.0003681365471617241	0.0005540716146524681	0.002660400206201409	0.01292792400028883
1.0128976159800028e-7	7.482226583944496e-6	0.0003075819317744637	0.0004729365856371553	0.002320316567364099	0.012200133129490311
7.159991738560308e-8	5.723446245363442e-6	0.00025659195208083157	0.00040315967873067636	0.0020193786350382885	0.011491963133859943
5.0563157769725105e-8	4.372239094080788e-6	0.0002137336582219605	0.0003432438741187217	0.0017538106282328299	0.010805333586865477
3.567312631165146e-8	3.3356815336503946e-6	0.00017777352312732512	0.0002918728932109838	0.0015200755122444932	0.010141821688851695
2.514453703327565e-8	2.5416390051206716e-6	0.00014765270015923548	0.0002478923643848624	0.0013148833994327176	0.009502684246169697
1.7707259770782596e-8	1.9342179436060093e-6	0.00012246474253244205	0.00021029239296484596	0.0011351939702750904	0.008888880733585685
1.2458727120553671e-8	1.470186072351679e-6	0.00010143567026090602	0.00017819154569448275	0.000978214072803002	0.008301096988049135
8.758295082227974e-9	1.116161759673e-6	8.390624221770574e-5	0.00015082222817415958	0.0008413915264146945	0.00773976913541445
6.151735985108725e-9	8.464123824602654e-7	6.931627381014398e-5	0.00012751741007059513	0.000722406026253805	0.007205107404030381
4.317340656189964e-9	6.411336084377124e-7	5.719083231523409e-5	0.00010769863593471867	0.0006191579200634815	0.00669711952945367
3.0274950619514134e-9	4.851074434873232e-7	4.712814003683545e-5	9.086524795580806e-5	0.0005297555129626272	0.0062156335022806
2.121322753004684e-9	3.6665783614906924e-7	3.87890184385909e-5	7.658473986352107e-5	0.00045250144843085317	0.005760319455769794
1.4852297477320879e-9	2.7683947898464673e-7	3.188771289423602e-5	6.44841575533049e-5	0.00038587861677560084	0.005330710531219594
1.0390854016727389e-9	2.0880894589307767e-7	2.6183946567988884e-5	5.4242461083139944e-5	0.00032853595581845745	0.00492622259676008
7.264177391205991e-10	1.5733808240257542e-7	2.1476062313572673e-5	4.558376382495555e-5	0.0002792744324137552	0.004546172729232835
5.074647364237399e-10	1.184381421822606e-7	1.7595122676948234e-5	3.827136721728683e-5	0.0002370334273393367	0.004189796399132453
3.5425495389681676e-10	8.906996570466722e-8	1.4399849583675565e-5	3.2102513318802055e-5	0.00020087768950825179	0.0038562633252500586
2.4712849188284004e-10	6.692087678706088e-8	1.177229669897472e-5	2.690378185041754e-5	0.00016998497763097515	0.0035446919888014196
1.7227906564394583e-10	5.023321523219033e-8	9.614158487479616e-6	2.2527063353562007e-5	0.00014363446761909472	0.00325416281660606
1.200192141624596e-10	3.7672760424309e-8	7.843630477590748e-6	1.8846045260853634e-5	0.00012119597133475472	0.0029837300595158705
8.355707395180228e-11	2.8227918231225972e-8	6.392745027953966e-6	1.5753152900784874e-5	0.00010211998592436048	0.00273243240599159
5.813467527624629e-11	2.1132591915460633e-8	5.205115929816639e-6	1.315689260980895e-5	8.592857212300446e-5	0.0024993023817366897
4.042146966968518e-11	1.5807256995419775e-8	4.234033428224889e-6	1.097954910789341e-5	7.220704381256151e-5	0.0022833745948698625
2.8087872347794282e-11	1.1814005817268114e-8	3.440858706752124e-6	9.155194039672628e-6	6.059643905115818e-5	0.0020836928925014437
1.950564855456697e-11	8.822296036299502e-9	2.7936735759448813e-6	7.627967047858594e-6	5.0786734116092925e-5	0.0018993164990220577
1.3537595128213362e-11	6.582888484996038e-9	2.266147071278753e-6	6.35059490154373e-6	4.2510756233658185e-5	0.0017293252091566582
9.390027031389836e-12	4.908041575870706e-9	1.8365859482780563e-6	5.283118036370712e-6	3.55387470909958e-5	0.0015728237101119594
6.5093982172787435e-12	3.6564788916149837e-9	1.48714071246539e-6	4.391797373881676e-6	2.9673527485238704e-5	0.0014289451071685933
4.509909905125201e-12	2.721993352972233e-9	1.2031428945273995e-6	3.6481774793080708e-6	2.4746213173036504e-5	0.0012968537260406596
3.1228573179312343e-12	2.024818352736871e-9	9.725528314392991e-7	3.0282850020574495e-6	2.0612432805864605e-5	0.0011757472634346393
2.1612139896240864e-12	1.50510149312385e-9	7.855002959184621e-7	2.511943936654011e-6	1.714900049185334e-5	0.0010648583546504324
1.4948882743518266e-12	1.117974087043857e-9	6.339029806918252e-7	2.082191561996398e-6	1.4250997779210153e-5	0.0009634556239370509
1.0334486700281456e-12	8.298302884114227e-10	5.111501386913011e-7	1.7247809831230113e-6	1.1829222517057741e-5	0.0008708442797769779
7.14072094188494e-13	6.155220672987795e-10	4.118406498464746e-7	1.4277580325050122e-6	9.807964960795286e-6	0.000786366313445932
4.931418372340454e-13	4.562467986438672e-10	3.315664702037261e-7	1.1811019075226086e-6	8.12307452665688e-6	0.0007094003551843775
3.403939524819867e-13	3.37958056219488e-10	2.667338563719747e-7	9.764203470587397e-7	6.720283666797739e-6	0.0006393612382109045
2.348418475994366e-13	2.501712068058214e-10	2.1441598069863382e-7	8.066914021030844e-7	5.553758357732926e-6	0.0005756993166828224
1.6194076321394282e-13	1.8506659439707174e-10	1.7223158941684508e-7	6.660449508950082e-7	4.584847616144325e-6	0.0005178995796283326
1.1161619191840954e-13	1.368168060451054e-10	1.3824523318533343e-7	5.495780652628785e-7	3.7810072376414104e-6	0.0004654805988899905
7.689387507514238e-14	1.0108249660246336e-10	1.108853397368229e-7	4.531991669877302e-7	3.11487556954064e-6	0.0004179933452710017
5.294841197598848e-14	7.46348808706975e-11	8.887702166794188e-8	3.73496635492755e-7	2.5634815620095303e-6	0.00037501990339841595
3.6442974311463637e-14	5.5073320305833443e-11	7.11870360616571e-8	3.0762815391128466e-7	2.107567585029721e-6	0.00033617211233273066
2.5071327905165873e-14	4.0614233362409705e-11	5.6978751633074106e-8	2.532276213494287e-7	1.7310115499404553e-6	0.0003010901556798603
1.724036254658561e-14	2.9933450882830366e-11	4.557534636930926e-8	2.0832692548204164e-7	1.420334736975649e-6	0.0002694411219099342
1.1850148817855054e-14	2.204858311968772e-11	3.642976531199954e-8	1.7129027093297277e-7	1.1642834108516052e-6	0.0002409175527625735
8.141647887159626e-15	1.623131480566304e-11	2.9100223726968853e-8	1.407591035879373e-7	9.534738142317089e-7	0.00021523599502275035
5.59132338651435e-15	1.1942066406827024e-11	2.323025354422595e-8	1.1560596650890645e-7	7.800914745295409e-7	0.00019213556858151118
3.838250445066574e-15	8.7813560721586e-12	1.8532467545738524e-8	9.489587603001595e-8	6.376369547295673e-7	0.00017137656154720066
2.6337282673396784e-15	6.453621467148677e-12	1.4775362192808245e-8	7.785402269220433e-8	5.207112358492237e-7	0.00015273906123729162
1.8064671804648987e-15	4.740329932893844e-12	1.1772601180992679e-8	6.383878598021533e-8	4.2483484952629703e-7	0.00013602162814895484
1.2385486772705693e-15	3.480007143879739e-12	9.374321975394136e-9	5.231920878595412e-8	3.4629569591960035e-7	0.0001210400184675118
8.488332036586408e-16	2.553415017073052e-12	7.460090237295464e-9	4.285621099172871e-8	2.820211961127579e-7	0.00010762595931384836
5.815140908535758e-16	1.8725591084292646e-12	5.9331951646320635e-9	3.508693489590626e-8	2.2947105034318024e-7	9.562597974244946e-5
3.9822544408218967e-16	1.3725418322819544e-12	4.716034814124352e-9	2.871171129586875e-8	1.8654741375798895e-7	8.490029946848409e-5
2.7260315114694016e-16	1.0055289355500552e-12	3.746386526201921e-9	2.3483216409608373e-8	1.515197693724176e-7	7.532177641220501e-5
1.8653830134645132e-16	7.362840893336268e-13	2.974395366076039e-9	1.9197458624102647e-8	1.2296218203498345e-7	6.677491338981283e-5
1.2759761910473502e-16	5.388662502105348e-13	2.3601444671206326e-9	1.5686292170361966e-8	9.97009652621486e-8	5.9154923639319694e-5
8.724822745474559e-17	3.9418861584933787e-13	1.8716965146453318e-9	1.2811203843594273e-8	8.07710918075684e-8	5.2366854336159075e-5
5.963650443638056e-17	2.882155668509633e-13	1.483516333814094e-9	1.0458160185815591e-8	6.537993506590087e-8	4.632476681530016e-5
4.0748466084754916e-17	2.106316981047206e-13	1.1752014688526446e-9	8.533337302703279e-9	5.287714748282845e-8	4.0950971863622015e-5
2.783273084571563e-17	1.5385994787714356e-13	9.304614432936573e-10	6.959584700714055e-9	4.272966902315568e-8	3.6175318168575686e-5
1.9004119557868427e-17	1.1233770582492859e-13	7.362976355648027e-10	5.673499060697697e-9	3.4501017825234086e-8	3.1934531797404964e-5
1.2971462300273928e-17	8.198344106646442e-14	5.823448546937748e-10	4.623004439509324e-9	2.783415029947395e-8	2.817160442690449e-5
8.850773012371408e-18	5.980394183160814e-14	4.6034313924389133e-10	3.765352631204516e-9	2.24372924877649e-8	2.4835227939172283e-5
6.037071837459069e-18	4.360526730950006e-14	3.6371434279119367e-10	3.065471850320104e-9	1.8072241433894085e-8	2.1879272936783683e-5
4.1164810263363575e-18	3.1780148412007337e-14	2.8722296907021535e-10	2.494603967360049e-9	1.4544717182312076e-8	1.926230870504523e-5
2.8059649918483105e-18	2.315170686959608e-14	2.2670469065892467e-10	2.0291806082618655e-9	1.1696415041201265e-8	1.6947162153517378e-5
1.912037575786814e-18	1.6858638148608513e-14	1.788491997503244e-10	1.6498968442619433e-9	9.398465831106002e-9	1.4900513298756906e-5
1.3024777002487977e-18	1.2270903788098505e-14	1.4102663963135835e-10	1.3409482154384008e-9	7.546060641846478e-9	1.3092524900580877e-5
8.869629755097721e-19	8.927859845536409e-15	1.1114896648714407e-10	1.0894026772557236e-9	6.054037554708086e-9	1.1496503931018243e-5
6.038145843555923e-19	6.492875085765505e-15	8.755928730550399e-11	8.846839257839177e-10	4.853262067571314e-9	1.0088592634962845e-5
4.109284197829916e-19	4.720061751012752e-15	6.894358774838293e-11	7.181466046459526e-10	3.887661624717418e-9	8.847487031207996e-6
