0.4134108772294746	0.06665442912054924	0.013149807369548593	0.19069012849272782	0.02724063884788749	0.00011418396600299247
0.13551207012622252	0.04498486768781982	0.013375015322919343	0.08651762671334377	0.024737994161139414	0.0002256940552927946
0.10664328869370084	0.05041096791895119	0.01792201747458639	0.08319410380277298	0.0311443492660372	0.00043178612670939106
0.0845376101826171	0.054714040202898336	0.022988273987728798	0.0790840238864546	0.03737015829670253	0.0008041520745995343
0.06555424589717558	0.05646246539436448	0.026963410331717966	0.07314733441304401	0.041721457502794226	0.0012515006867423663
0.05075241290376606	0.05684368145147561	0.030402199665028825	0.06692652627935503	0.044863551262354945	0.0018449491029687913
0.03857621209786351	0.057459591723997346	0.034235654514808915	0.06107409769418991	0.0482341194014932	0.0026297264045247438
0.02874100856356353	0.05556201550264042	0.03642567499050065	0.0540248121858088	0.0491833508057092	0.003490101161843486
0.021551141397758482	0.054223431627374884	0.03851631545863115	0.048400415662514226	0.05019556915268204	0.004405224045894044
0.01591752510100413	0.0516698201153791	0.03972048740365581	0.04249293417126477	0.049876689529345715	0.005446470938481754
0.011527193389936059	0.04901244579271874	0.040823287037949255	0.036902567986043064	0.04932614266076051	0.006645131123173281
0.008286427498208472	0.04594853445386753	0.041206506178246394	0.03178304054048107	0.04803218895968604	0.007842736637206721
0.005955580803239938	0.04259509002479941	0.04097361389414102	0.027218119420648133	0.046084554188226365	0.009107002651618937
0.004236833443348027	0.039771769777133835	0.04112326368634623	0.02329233722392779	0.04459116384509368	0.010552171627668984
0.0029231437719048976	0.03641065606760493	0.0404224098561297	0.01944972074961361	0.04233154648156256	0.011759357644957542
0.0020501492969624323	0.03309555173687367	0.03921958696473142	0.016309145307678848	0.03969899738781169	0.012976387058125198
0.0013695277364371202	0.030082029590389896	0.038475768034635656	0.01334141093936878	0.03755364405005077	0.01413160769480396
0.0008866405432003343	0.026750552696441544	0.03717742139430612	0.010600213673501144	0.03491417897720993	0.015016479519249924
0.0005610847416859166	0.02353249419309647	0.03602322763495436	0.008248714204120171	0.032347582894118224	0.015962054230038346
0.0003605409966949071	0.02037360996999817	0.034257714541054154	0.006412303060202125	0.029373668659314844	0.01681064933063789
0.00023412324663336736	0.017646036575342104	0.03256037642951166	0.005012296842201772	0.026633213916520723	0.017673903341555247
0.00015036316824560143	0.015068914011412572	0.030610077856081483	0.003866271432039053	0.023824904944463727	0.01839091426765516
9.536850804758939e-5	0.01269651560726713	0.028605976567058995	0.0029398806078216595	0.02107575125317029	0.019138455018169777
6.047637925703678e-5	0.01063077635063837	0.02659883259245567	0.0022285125154551154	0.018512662250979924	0.01981117554366351
3.90416634539804e-5	0.008878449478734484	0.02451604233402316	0.0017052144815965194	0.01612412345746387	0.020484652920633725
2.381307759357876e-5	0.007195133349862253	0.022431161363079613	0.001244227802728888	0.013789584611558551	0.021006651023402687
1.5387106508763554e-5	0.005943711871987171	0.020434290738788524	0.000948472279473768	0.011840168131118548	0.021432440891848516
9.988094146695536e-6	0.004892955363676697	0.018509868813231866	0.0007239819162187191	0.010102239752693183	0.021881383199849155
6.408246119022911e-6	0.003981240385899345	0.016609049180194575	0.0005461570184107164	0.008519492294621286	0.022213266019545933
4.088540930572252e-6	0.003251040268769847	0.014982850623903777	0.00041149928944266684	0.007222250343603168	0.022347573022637426
2.6384995103549754e-6	0.002643032252802866	0.013398244341054017	0.0003115180757939613	0.006067418777279618	0.022567412348116916
1.6988365794543237e-6	0.002127727067155115	0.011832560094239886	0.000234607843931953	0.005032494987343543	0.022659710784099424
1.0938731442451186e-6	0.0017087280772176312	0.010413947488582369	0.00017656394560304443	0.004156765125417785	0.022745320449706282
7.095229524108265e-7	0.0013873869037209388	0.009237176972020138	0.00013418648491265946	0.00346769275260809	0.022712810007406596
4.467627520705253e-7	0.0010945776145484779	0.008037785378112706	9.890415084713893e-5	0.0028196046483585984	0.022615835575570238
2.994764297383584e-7	0.0008966698690665546	0.00706538609306097	7.704825521310568e-5	0.0023459696191666015	0.022424707151282867
1.8789214865749517e-7	0.00070004298189312	0.006064202466025621	5.644244755373243e-5	0.0018808768314948498	0.022215997644656222
1.2427162700980214e-7	0.0005661892820547706	0.0052774487302774155	4.3390140546693854e-5	0.001544564189436531	0.021984131844058164
8.201627090465485e-8	0.0004571681747955526	0.004574898180030491	3.33021844402527e-5	0.0012651131916812583	0.021605018968745525
5.187791530924445e-8	0.0003572818382414468	0.003896982644507694	2.4552689125881276e-5	0.0010094133017223349	0.021229558974421307
3.3590039762617876e-8	0.00028479117736435135	0.003352399574596087	1.8531898601048998e-5	0.0008176325603468898	0.020739509821754005
2.1589164688411752e-8	0.00022491798269102354	0.002862606608644863	1.386884340778782e-5	0.0006561911022202076	0.020249855841165818
1.4162125086222308e-8	0.00017856879786766125	0.002429044611710312	1.05372433538404e-5	0.0005256452280732747	0.019701791859462307
9.009277125455058e-9	0.00013970989172053274	0.0020563558231862767	7.808801882502047e-6	0.00041765732239240015	0.019145372324897974
5.8569388763004e-9	0.00011045083454349461	0.0017421052031555255	5.891877014138864e-6	0.0003334033085782266	0.018585323535063408
3.787471973514565e-9	8.757725591416767e-5	0.0014840880751713435	4.437764304468473e-6	0.00026750064955636567	0.017987425464835404
2.34953812985611e-9	6.653871770511198e-5	0.001225309105460623	3.1992963675477775e-6	0.00020634269300840553	0.01732083773748708
1.517040883423104e-9	5.226478801465652e-5	0.0010327203776455485	2.3984571543048385e-6	0.0001635088620141861	0.016749725512177672
9.711161736025556e-10	4.0550972678122464e-5	0.0008594414695010952	1.7797350685715645e-6	0.0001278507612547141	0.016091196352552063
6.233965180058236e-10	3.159165128260583e-5	0.0007177110268106869	1.3254245807114076e-6	0.00010033577885099607	0.015460845471736713
3.8776607354272504e-10	2.3922523155466026e-5	0.0005887945261668099	9.56457744097376e-7	7.681752844060111e-5	0.014865985567819234
2.527662442452952e-10	1.8737719313440274e-5	0.0004899803312048403	7.211370078334586e-7	6.025735374862381e-5	0.014206762030899614
1.5705064046089749e-10	1.4095790150365642e-5	0.00039754510754530596	5.189565000850326e-7	4.567225754429427e-5	0.013528758872389279
9.993455121113748e-11	1.0801490590862609e-5	0.0003257166303562974	3.820958665106187e-7	3.509920888946778e-5	0.012882794959990139
6.24228381828799e-11	8.133187979299222e-6	0.0002638346398478153	2.760834768356176e-7	2.6549490083327327e-5	0.012289999703250273
4.005302408675338e-11	6.255515910675803e-6	0.00021590642340439136	2.047421251975876e-7	2.0407070471767303e-5	0.011663828428286976
2.555116072029488e-11	4.811020735169265e-6	0.00017764779972216465	1.512536351123927e-7	1.57270582440757e-5	0.011142947316394036
1.5866938462221527e-11	3.5883003718543367e-6	0.00014244394033718422	1.085130850747645e-7	1.176172816032317e-5	0.010573648722542196
1.010077276890317e-11	2.74078755536121e-6	0.00011590238885672861	7.988969484154772e-8	8.974610878600943e-6	0.009968564516663161
6.287483270477494e-12	2.0295284534926907e-6	9.183821909459453e-5	5.724700057360502e-8	6.634833345893672e-6	0.009437753683659487
4.044847715296005e-12	1.5590080303260172e-6	7.487323801543786e-5	4.2529032608182494e-8	5.0752912815349415e-6	0.00893874953378802
2.628117772926075e-12	1.21128878691315e-6	6.162028277586485e-5	3.194013343998978e-8	3.926066873907897e-6	0.008463232675588624
1.60494146812255e-12	8.813113176491026e-7	4.81727938784027e-5	2.246140232537392e-8	2.854908959846094e-6	0.007960414440624715
1.0156358730367853e-12	6.610228326443212e-7	3.83387650105403e-5	1.6361552627333367e-8	2.127266740733662e-6	0.007481878614428838
6.570900453819977e-13	5.130276681220962e-7	3.1538140498482865e-5	1.225682457576245e-8	1.6432840289252449e-6	0.007040158961633759
4.0941933755630837e-13	3.7450971045427747e-7	2.445310789141318e-5	8.741814033847643e-9	1.189254373257949e-6	0.006632304060856357
2.5928659938717166e-13	2.837873733533925e-7	1.969802718597448e-5	6.401139208397793e-9	8.966680007939331e-7	0.006209407285355425
1.6139034481164022e-13	2.069709753087711e-7	1.5211060419871021e-5	4.5641023238976175e-9	6.470334051124292e-7	0.005796433210459601
1.041952039716422e-13	1.582572006593019e-7	1.2253885599939058e-5	3.3954518863833557e-9	4.894425704641461e-7	0.005439333456219062
6.486196252811131e-14	1.16073367609873e-7	9.517564132165512e-6	2.427900301086396e-9	3.553462886990907e-7	0.005054904833111152
4.032141488565977e-14	8.524013824688467e-8	7.415807904413753e-6	1.7356645175680494e-9	2.584283293657115e-7	0.0047179964439996985
2.5987968736120626e-14	6.487803028562868e-8	5.922943099934384e-6	1.288291052058688e-9	1.9405155923250171e-7	0.00437516149492122
1.6698207606422377e-14	4.895553845511441e-8	4.690207510262294e-6	9.507110266676696e-10	1.443192076229727e-7	0.004076434282146374
1.0224471762691061e-14	3.537098769340065e-8	3.6112806123899266e-6	6.687401541126071e-10	1.0333515392403489e-7	0.0038191638773374874
6.3936806499681064e-15	2.5987378045642702e-8	2.7975230223116177e-6	4.802174110184856e-10	7.487608074933684e-8	0.0035349699061299703
4.0769662047470876e-15	1.950087358863853e-8	2.2027331383322307e-6	3.521528836414774e-10	5.533304604014124e-8	0.003264284875670937
2.564774873470935e-15	1.434639641953496e-8	1.7026683246067971e-6	2.539649957947555e-10	4.00508543269388e-8	0.003020416420626972
1.6303909149314126e-15	1.0696701417006129e-8	1.3343652707731182e-6	1.8533565245328753e-10	2.9390942419833217e-8	0.002818093827092988
1.0127149833372403e-15	7.688434276777168e-9	1.0029776156913256e-6	1.3140308371239946e-10	2.0698089861924385e-8	0.0025804202312300207
6.354674968095642e-16	5.649578875588609e-9	7.762943928547819e-7	9.456891465247404e-11	1.495871757369315e-8	0.002419635659328766
4.110239643408965e-16	4.35489968647299e-9	6.327244868363502e-7	7.070606931718074e-11	1.13953857463375e-8	0.002294327873992278
2.5263920422931647e-16	3.122063447956586e-9	4.775482190295211e-7	4.974637321954887e-11	8.03225779603627e-9	0.002100180398210584
1.614806189990225e-16	2.2876694389743136e-9	3.6085547499358374e-7	3.619079583808115e-11	5.726798629614391e-9	0.0018981688104555351
9.936986088634479e-17	1.6589335928041219e-9	2.7898397709373727e-7	2.5564050291855753e-11	4.10293472421973e-9	0.0018099696151866616
6.58011370484946e-17	1.252692198736767e-9	2.151114376024961e-7	1.9228936131207444e-11	3.00139086048238e-9	0.0016387756869307509
4.141477436868272e-17	9.215904116386132e-10	1.6628646311793046e-7	1.3845068322880623e-11	2.1692381369470826e-9	0.0015174748108819094
2.6275423828888522e-17	6.699732799056714e-10	1.252699137753015e-7	9.958933332889402e-12	1.5371042150075183e-9	0.0013753754705110757
1.6976034031738153e-17	5.083763573763249e-10	1.0001298590355487e-7	7.351538428168634e-12	1.1485133475515524e-9	0.0012784546635389825
1.0711945832822053e-17	3.6566620612271316e-10	7.511512226987678e-8	5.2139491367274896e-12	8.079407025024441e-10	0.0011635155217195679
6.935509676568141e-18	2.611585310048371e-10	5.517643259316063e-8	3.72507153266495e-12	5.586776068604384e-10	0.0010618546118955335
4.640182779505847e-18	1.9595670928065697e-10	4.275186319536939e-8	2.751065058697632e-12	4.086149691141959e-10	0.0009535402413633696
3.07648284713125e-18	1.4349924998868832e-10	3.273298057318487e-8	1.9750239405350937e-12	2.930870446356202e-10	0.0008686421188114588
2.0977248128524162e-18	1.008934019625442e-10	2.3486049847649225e-8	1.3955874301282135e-12	1.9864546819710972e-10	0.0007721127518325644
1.4978984280809845e-18	7.550476911652037e-11	1.8409935130994952e-8	1.018215778074e-12	1.4582633507920584e-10	0.0007090309166446006
1.1141856851518944e-18	5.4371169885543735e-11	1.3605051821652902e-8	7.30120819225841e-13	1.016818959958864e-10	0.0006323692578814999
8.887748023173853e-19	4.141232109948568e-11	1.0798242953514746e-8	5.425615209002274e-13	7.585852207346487e-11	0.0005760916455248187
7.054396401162916e-19	2.797869193889322e-11	7.460462769463202e-9	3.7078045105609595e-13	4.927970729798607e-11	0.0005172409575329912
6.290626337302458e-19	2.2282197510981887e-11	6.24639069806772e-9	2.833887732910328e-13	3.874504897382e-11	0.0004715263659628437
5.561415557848045e-19	1.5094177942565727e-11	4.249648814826605e-9	1.966291726109814e-13	2.5002364725730283e-11	0.00041350922091472505
5.164173236673868e-19	1.11158214251626e-11	3.2245411855229257e-9	1.4292203696774583e-13	1.7880109539644262e-11	0.0003708093551399877
4.843354846532567e-19	8.340886877641896e-12	2.552789151836353e-9	1.0381558175377453e-13	1.320714894921085e-11	0.0003419904169843907
4.740397738259099e-19	6.0949338241649135e-12	1.893377386083382e-9	7.587849092108997e-14	9.296365315988241e-12	0.0003000360275871257
4.593473188818312e-19	4.4985063219151546e-12	1.4528411599340978e-9	5.4950618963176116e-14	6.697288997499128e-12	0.0002706249079141383
4.442268917176552e-19	3.089435327392436e-12	1.0066249376540063e-9	3.8406644056232917e-14	4.393281821840311e-12	0.00023884961866635072
4.32197286982411e-19	2.2967671170105275e-12	7.838145446471317e-10	2.7774648279899853e-14	3.2005797921502236e-12	0.0002172994244208085
4.377129135724518e-19	1.6248424725954546e-12	5.481522123121929e-10	2.0139078072092444e-14	2.1448757682099272e-12	0.000184973923127601
4.143571357763332e-19	1.1626170273100283e-12	4.1277643314535264e-10	1.404990292193738e-14	1.503303470274769e-12	0.00017011809175638195
4.144999506641648e-19	8.517927659074899e-13	3.0879014055086137e-10	1.0235110324734982e-14	1.0630545232391578e-12	0.00015108864078806458
4.145553135615322e-19	6.05667836983537e-13	2.2074707805089021e-10	7.358674843226888e-15	7.221643356550381e-13	0.0001319016410494694
4.113394008273023e-19	4.5040610876658465e-13	1.6970116320412995e-10	5.364652911869118e-15	5.22448916877234e-13	0.0001179910313250313
4.0016999110387807e-19	3.0290231446992525e-13	1.1395661751924928e-10	3.701952681889333e-15	3.332339316412789e-13	0.00010215592616056968
3.977859216685436e-19	2.2696500301175722e-13	8.830139349268872e-11	2.711358087928293e-15	2.429521173218139e-13	9.153083269909994e-5
3.9647652153617627e-19	1.6646575224647017e-13	6.632293373939495e-11	1.9701454115338674e-15	1.722193390007384e-13	8.137776256504615e-5
3.948588077361186e-19	1.1844451334226381e-13	4.7700474307323896e-11	1.4124702435164323e-15	1.1732427483611357e-13	7.185465140930639e-5
3.9252179951717323e-19	8.457508067745507e-14	3.444969401250781e-11	1.0136698829397034e-15	8.027865702694078e-14	6.310619665536052e-5
3.897230785619456e-19	6.123734331265324e-14	2.5362473511461334e-11	7.31846850889404e-16	5.593098595268243e-14	5.530168521180896e-5
3.807902046321202e-19	4.273609781621714e-14	1.7931728745400686e-11	5.151753779054124e-16	3.73715593073084e-14	4.8822819060177125e-5
3.8421773506505428e-19	3.146231480389886e-14	1.3382626891225322e-11	3.7882534093867144e-16	2.643800865615546e-14	4.2977108321463356e-5
3.737551218387617e-19	2.2586231412279186e-14	9.879381973014975e-12	2.698595881146393e-16	1.8357183965219115e-14	3.8277695265819336e-5
3.8143253486368967e-19	1.5918962121799077e-14	6.838944917578188e-12	1.9669316662137034e-16	1.2197590103140033e-14	3.214441295800948e-5
