0.3270704020595909	0.34001022836269396	0.08695803259831074	1.5157412400342275e-5
0.004392459755288196	0.006475035398185456	0.04684634977539141	3.436509713193456e-5
0.0037595006532795804	0.005744094118177575	0.04952073859014484	7.330332074343154e-5
0.003464417170858337	0.00546650120234843	0.05199778962944418	0.00015238649931683006
0.0031897950659420657	0.00522766772333959	0.05233952996977457	0.0002650576307031858
0.003017541191583008	0.005128888393963516	0.05203824898791731	0.0004351601069863638
0.0029164636931572766	0.005178321842561102	0.05231325535448963	0.0006865206432880677
0.0027789181315829975	0.005208903696903489	0.0503673970870687	0.0010044616258095501
0.0027200488287553674	0.005413939191391489	0.04931804245024679	0.0013922493686166775
0.002650740126821301	0.005687204606511967	0.0472846794804476	0.0018809514575236948
0.002592705649380702	0.006118959582520029	0.04520869648525483	0.00249300071648688
0.002541529149015905	0.006730645747199195	0.04280103508685642	0.003186867872270533
0.0025084973621940206	0.007573710449168974	0.040175881343953807	0.003996748529488702
0.0025118153221910006	0.008812868389398999	0.03811153177475373	0.00498334738240822
0.002485202312063571	0.010312631044689963	0.03543754644953287	0.005959606250029084
0.002502073788113203	0.012173465930012221	0.03276716792003974	0.007038837541891299
0.002511946858076118	0.014421707090467506	0.03036909646643276	0.008161776468284195
0.002498741059410432	0.01684167943346214	0.02749596684615704	0.009190932195792346
0.00249248583598285	0.01949120119043503	0.024611232245755652	0.010279661476687225
0.002521500663005904	0.022170343464701196	0.02167750698680515	0.011361618907222934
0.0026030096894890525	0.024936684467210223	0.019161459273984074	0.012513380218768138
0.0027012141119666395	0.02744797221851157	0.016664205015514674	0.013592508992332938
0.002832915010156009	0.02962849254994441	0.014305121245121127	0.01471103027651638
0.003014047089045896	0.03137860253771353	0.012207108016892171	0.01579743225211051
0.0032794436062044737	0.03267919000234944	0.010401198511145715	0.01693714894762851
0.003548899214568569	0.03311803825589831	0.008584948328457836	0.017896844754384904
0.003929416737085365	0.032950957051941406	0.007223781039983646	0.018828112344411094
0.0044058152111958356	0.03222924841218757	0.006054561696086954	0.019786052306381023
0.004967966832703011	0.030870159560158816	0.005017676889747669	0.020648052227537735
0.005585367145474003	0.029029706499686142	0.004168687082063116	0.021297338769922174
0.006325186138777486	0.02694576031435774	0.0034572312075310647	0.022057734573585796
0.007166331244535454	0.02450782001058958	0.0028342185479425493	0.022683714963051046
0.008128176775135705	0.021890137218578444	0.0023153878323827802	0.023270827945890887
0.009189799027915904	0.019327103340456418	0.001911735589842898	0.023731801563942237
0.010287039942989441	0.016676796006530888	0.0015337064028456522	0.02405906502724823
0.011560322781910725	0.014305400264663152	0.0012792970825804713	0.024400742732528347
0.012827305379003789	0.011957157407043256	0.0010154663187260907	0.02457675048337031
0.014257322160419847	0.009927973926874915	0.0008351342307263052	0.024782676112017097
0.015744762301382727	0.008158472066491989	0.0006860233211397294	0.024841379504174747
0.017188125774862936	0.006560303233318267	0.0005454011381345116	0.024803011418653816
0.018558849721069665	0.0052125312783046045	0.0004418424200794925	0.024622496193434637
0.019830980360967195	0.004082423669612445	0.0003545442676976848	0.024387401931526623
0.021077565454737896	0.003156274858112329	0.00028625098441740533	0.024119276179500257
0.02213023638423511	0.0024030003445782945	0.00022766956089732544	0.023743811770323194
0.023075928895520754	0.0018097311755810037	0.00018267715007829063	0.0233432009061379
0.023789556842041842	0.0013520210303326365	0.00014694053146833435	0.022854607870908643
0.024149579049891078	0.000983940246797861	0.00011366202809500295	0.022244027920801497
0.02434538982841649	0.0007101534872341408	9.034025541763464e-5	0.021667559597427048
0.024246880881524848	0.0005039563905808166	7.095179154816332e-5	0.020963702371754846
0.02394668531045696	0.00035424498467240197	5.603939592901256e-5	0.020292748405687157
0.023359555093431426	0.0002434214398561685	4.291732563179177e-5	0.019547147305042277
0.02262460881375174	0.0001661988591435412	3.400028438112463e-5	0.018792070673063297
0.02155902250835138	0.00011058280602010516	2.5888795782705303e-5	0.01792994060797426
0.020337778913719903	7.262574135857817e-5	2.004575263718225e-5	0.017099661433545018
0.018987381057712454	4.677271627572421e-5	1.52276311766572e-5	0.01626653779522655
0.01754980963450028	2.9825065256729172e-5	1.1789117227403818e-5	0.015405810717824014
0.016117059796907002	1.891062919404017e-5	9.104576671149985e-6	0.014625442136721695
0.014612077853203117	1.1717730279306316e-5	6.833426575649996e-6	0.013776467685449408
0.013076238590944526	7.195113379809289e-6	5.247049371694495e-6	0.01291890309216937
0.011588145966271043	4.305855225470064e-6	3.8987337525019925e-6	0.012093312618621094
0.010213029741487484	2.5722221122984803e-6	2.993771829495321e-6	0.011324283648853302
0.008973664403082995	1.5460626880307721e-6	2.3285529424744365e-6	0.010627207341132977
0.007761484239271627	8.983643094119146e-7	1.700590585049036e-6	0.00985776581964171
0.006644484652972938	5.136848324579622e-7	1.2725947460591145e-6	0.00912048627246619
0.005667644871759281	2.9779037159219386e-7	9.879798156259136e-7	0.008490003115639012
0.004784183730704638	1.6624193686167462e-7	7.167523433339149e-7	0.007818346187979741
0.004001388151726591	9.284964935687965e-8	5.425968052314009e-7	0.007210304087580368
0.003301517734455022	5.01215565908181e-8	3.934536140198033e-7	0.006579266441113088
0.0027175567755908523	2.7185201341267466e-8	2.9846737993092046e-7	0.006049869322361398
0.0022045233675976905	1.4380363001103886e-8	2.1781460625432518e-7	0.0054989540589550495
0.001773255582589259	7.481999231179731e-9	1.588775249600419e-7	0.005002960883026583
0.0014183945575510439	3.914841676888514e-9	1.1992840001350097e-7	0.004549282164347384
0.0011289450807881495	2.0370159258339862e-9	8.943375546434681e-8	0.004134976937287017
0.0008893758207338901	1.0303411541376705e-9	6.383852802241977e-8	0.0037404140455963948
0.0006931378326755311	5.129757515357266e-10	4.636314674087505e-8	0.003362798232228985
0.0005365139233247636	2.554736278006358e-10	3.435741826151376e-8	0.0030260019391920513
0.00041179315975933427	1.2516741145201838e-10	2.489786485349926e-8	0.002711847562251575
0.0003146109144740545	6.084250209283351e-11	1.8158725126279244e-8	0.0024336767124542615
0.00023731583810709817	2.8644968155778753e-11	1.288783604908456e-8	0.0021589559318118266
0.0001787772732347856	1.3330911491436568e-11	9.220948121362893e-9	0.0019290435056714184
0.00013671496798882608	6.434711023341862e-12	6.930191192438754e-9	0.0017562494485234615
0.00010194433712693912	2.9923149434588902e-12	4.8650391339764016e-9	0.0015418755092094908
7.52115714831992e-5	1.3662186447585182e-12	3.507810236571426e-9	0.0013562546591501222
5.5905277482101486e-5	6.187623821978064e-13	2.463323866311029e-9	0.0012154233990002365
4.130692629654911e-5	2.797512635935637e-13	1.8122901834083193e-9	0.0010685312726642143
3.028256704392331e-5	1.2548950795173672e-13	1.2963044564915008e-9	0.0009437823324719629
2.192222213047242e-5	5.517487719220073e-14	9.215440444888827e-10	0.0008245512731621072
1.5838556103319887e-5	2.4617060262395937e-14	6.757754057372522e-10	0.0007298646460462523
1.1350068974047392e-5	1.0833968688355591e-14	4.768535958802199e-10	0.0006396955603474416
8.005084904947885e-6	4.381378389696095e-15	3.276818353265407e-10	0.0005506124289868749
5.596012599317256e-6	1.753927362799729e-15	2.3945965370505075e-10	0.0004784391991288383
3.883981729718721e-6	6.65840173725072e-16	1.7055849287200306e-10	0.0004167084428945505
2.6292680497736816e-6	1.597618506152923e-16	1.1612385453097765e-10	0.00035253324982789766
1.7805506811625167e-6	9.146919314877778e-18	8.358044890626162e-11	0.0003064438032563155
1.1854584595367223e-6	-9.099260247311744e-17	5.8121695559064135e-11	0.00026017422912047434
7.911662080714735e-7	-1.4751230676177596e-16	4.263868386583023e-11	0.00022601506463570492
5.180160967183806e-7	-1.9642058997248851e-16	2.7719475497227194e-11	0.00018932837430108993
3.4321972254855254e-7	-1.6538693388832367e-16	2.122728194694902e-11	0.0001659308028480064
2.216886650590673e-7	-1.4057412156404364e-16	1.3890050708404406e-11	0.00013760193442462616
1.423545630048194e-7	-1.2219844410341992e-16	9.79933365782061e-12	0.00011675640304041206
9.169451403131195e-8	-1.543427706904903e-16	6.989037229324336e-12	0.00010046446301556486
5.848812767402027e-8	-1.2857305138412103e-16	4.932579962366312e-12	8.465197599327993e-5
3.7169135346381055e-8	-1.0846545253699166e-16	3.4922048032044116e-12	7.216080826275077e-5
2.3189011396313147e-8	-1.662048942581648e-16	2.2967612029071718e-12	5.963531990100683e-5
1.4469534740054076e-8	-1.7003155787719566e-16	1.6205990031826824e-12	5.0651349592273485e-5
8.837307234449815e-9	-1.1681263531080561e-16	1.1063327284312772e-12	4.147818849477838e-5
5.376515812573435e-9	-1.0596545055817082e-16	7.460026866132854e-13	3.481407726322847e-5
3.2579337644272873e-9	-9.89725531621691e-17	5.171797781240897e-13	2.8966994342074512e-5
1.948308596942572e-9	-7.160201939723952e-17	3.491541302215618e-13	2.3725781667802907e-5
1.1664281064918186e-9	-6.116504099712676e-17	2.4590341642455074e-13	1.988638441805177e-5
6.838330270875645e-10	-5.289719965621387e-17	1.5746819835262064e-13	1.5993005297225922e-5
4.0338642685740846e-10	-5.991080305095315e-17	1.1072670010210482e-13	1.3351253678951219e-5
2.3657734155896726e-10	-5.74337341616467e-17	7.61548422747402e-14	1.1005855603336386e-5
1.3895644646451372e-10	-5.1312599247660953e-17	5.1226075217130954e-14	9.051733324202317e-6
8.083057389942559e-11	-3.828750676228739e-17	3.4390523893902247e-14	7.374578328995476e-6
4.6776985360207963e-11	-3.2798029165628546e-17	2.350466823653736e-14	6.048146883462545e-6
2.6799057454793645e-11	-2.4677060512481885e-17	1.540475583391273e-14	4.904470795645283e-6
1.537442772742141e-11	-1.7304953379272254e-17	1.0722326600509511e-14	4.0729200000637216e-6
8.767736754878097e-12	-1.8076988300822245e-17	7.524204181839939e-15	3.4911090046493206e-6
4.9144231831302215e-12	-9.772962769886294e-18	5.9742976114787416e-15	3.312210826000967e-6
