0.3332453768242472	0.3458631310749032	0.09354196710288099	3.2478263857778234e-5
0.004526065293144444	0.006675869757586428	0.052050311061245164	7.10956851887707e-5
0.0038326771016541435	0.005879217518066405	0.0554013793142389	0.00014847965136780128
0.003475342521831962	0.005541144636366722	0.057855476317592525	0.00029740042818234154
0.003169775223471041	0.00529410806787951	0.058055449131039	0.000502427511654642
0.0029682089174010466	0.005207310220593351	0.05728494815924204	0.0007985299375254959
0.0028430722482372345	0.0053080762668626	0.05684954477149407	0.001221366435053298
0.0027027396776790787	0.005463187437376881	0.054268974410810265	0.0017384142527236558
0.0026292161189873093	0.005841385212426794	0.0524081766632694	0.0023518415715639805
0.0025537956432632757	0.006378626007103216	0.04954856172632149	0.0030992659938559263
0.002495956128531032	0.007187706841260372	0.04663300345238425	0.004012887791996109
0.002448515798337058	0.008293159012357684	0.043449254303892695	0.005022219501048234
0.0024210484749862325	0.009735545044341053	0.040117400257108436	0.0061653244285802735
0.002430325452308683	0.011700743935321868	0.03725779858534999	0.007525589372165824
0.002424727314156934	0.01400845561300734	0.033913333249016235	0.008840578232299286
0.0024705458921802127	0.016679670348756358	0.030736654288284475	0.010253930295879003
0.0025256450499206214	0.019735853633289023	0.027711985945569104	0.011703500237731802
0.002585171531429114	0.022855917572642912	0.02441092020762951	0.013006953425328045
0.002681002770769462	0.02606646518845536	0.021217458860143958	0.014372209641913596
0.0028443390153202945	0.02902622580063472	0.018207924282905998	0.015686365301323182
0.003097805641256561	0.031736592960094644	0.01564132710341632	0.017038917615241803
0.0034238009959901075	0.03384423755534715	0.013252571893813849	0.018277261342742254
0.0038451075610308706	0.035252284267670866	0.011077402051002086	0.019520845661481236
0.0043819454322977045	0.03589524991184057	0.009203177313153005	0.02068423894415633
0.005080832430947776	0.03578290574802824	0.007645549342003376	0.021852071117141894
0.005846191273786993	0.034627368512610175	0.00614178585694567	0.022775841594565124
0.006782309684722719	0.032819544777782615	0.005046109849763762	0.02362613586360954
0.007890670542727633	0.030519379997586665	0.004135536966634499	0.024470383074771295
0.009137804035625967	0.02773040978802376	0.0033509328307261012	0.025155643837722577
0.010446440856550233	0.024741219539345216	0.002718183796809553	0.025609140745533596
0.011887386401828001	0.021701489996736007	0.0021992272216180527	0.02609448065883211
0.01340936505784497	0.018610495974522332	0.0017643098304400346	0.026406125320293485
0.015018071427836462	0.01564931734508912	0.0014119266774800243	0.0266581846907721
0.016654755531168155	0.013008338368842545	0.0011403633648704018	0.026787425014461706
0.018183205678344323	0.010548272126004964	0.0008957569761355153	0.026718765603186652
0.019780960440993773	0.008490171116599783	0.0007311691806050966	0.02665518271120703
0.02117375616038426	0.00664654589720069	0.0005691076337490651	0.02638955979808795
0.02258063311699663	0.005162256334963044	0.00045846671758112954	0.02616222489646827
0.023853321170984244	0.003966694596793211	0.0003689402126980424	0.02579304453774412
0.02483150025409256	0.002976899126377144	0.0002875722022579785	0.02529718784161947
0.0255074521054601	0.0022072739319681815	0.00022815607383914178	0.02470152524995628
0.02587772515644115	0.0016119967548992248	0.000179422907931886	0.024050610003150574
0.026036948515063153	0.001160339937105033	0.00014208624049279027	0.023358911002039816
0.02582982021251105	0.0008213086897337091	0.00011069993535024006	0.02258370905981307
0.025416672044412968	0.0005749853008363062	8.715486866038685e-5	0.021818221011147748
0.02473098897068828	0.00039970032637869475	6.871424228389628e-5	0.021018246407482972
0.02359909838162481	0.0002694209295855557	5.2066582668439294e-5	0.020038205713115535
0.022368844489118994	0.00018031682277640164	4.063636759086879e-5	0.019189077303071553
0.020945023787734673	0.00011871941859760429	3.1368687763764765e-5	0.01824565584889853
0.019417677607194407	7.730972598607805e-5	2.4287122920091314e-5	0.017336772312703246
0.017766745477655655	4.917891676686998e-5	1.8295467140561236e-5	0.016391332397650716
0.01612472141749423	3.106662088556681e-5	1.4221205123236716e-5	0.01547227263350594
0.014372769664946295	1.9087000955410232e-5	1.0642427588788182e-5	0.014472210098773548
0.01266463617578242	1.1558631157113917e-5	8.089445631327277e-6	0.013533622738799824
0.011029963533321504	6.854746095593007e-6	6.043467990547868e-6	0.012616691389007702
0.009511447538695992	4.02648452366111e-6	4.597701094877671e-6	0.01172618217088826
0.008162940680935695	2.356330036256024e-6	3.493255208220623e-6	0.010940478887535562
0.006908235969245031	1.3459742171604548e-6	2.581259780294761e-6	0.010103213905832747
0.005765424924788126	7.609905542075279e-7	1.944483427058989e-6	0.009291703844835776
0.004759485101292192	4.1895657587299446e-7	1.4251048671772614e-6	0.008521164402684982
0.0039102406313624724	2.3042644358887532e-7	1.0756452633259708e-6	0.007833271966740543
0.0032030979496719355	1.275011106055031e-7	8.205485815118383e-7	0.007215221497867688
0.0025774664618380396	6.805810169076075e-8	5.909275590036233e-7	0.006550165208107564
0.0020534652811354305	3.577250429365679e-8	4.357975139120628e-7	0.005944226535807314
0.0016260770746099843	1.899299706096668e-8	3.302609331274407e-7	0.005415749781368575
0.0012791271960370517	9.765551735211764e-9	2.3824263921319842e-7	0.0049024467973229355
0.0009938985757793005	5.002610163356865e-9	1.76486467517031e-7	0.004423624726607702
0.0007625304561575824	2.4815677122835463e-9	1.2671749088716993e-7	0.0039582857077328495
0.0005836253627017442	1.2365878451988722e-9	9.444057098690458e-8	0.003569837547268642
0.00043977751198512723	6.004445636975411e-10	6.796597992063928e-8	0.0031779426389663607
0.00032767125841986876	2.8588364333844324e-10	4.877527332720501e-8	0.0028262631576605225
0.00024198545161628322	1.3631331914464566e-10	3.601858010581422e-8	0.0025103455700239263
0.00017817409989315122	6.479155214464785e-11	2.6465756266109564e-8	0.0022371735804030397
0.00013014055115295433	3.0025131468804876e-11	1.8704280094873973e-8	0.00198467566049857
9.378946891486998e-5	1.3656396973233654e-11	1.3361764037752235e-8	0.0017437960844142765
6.689033441249478e-5	6.185905624404112e-12	9.697500338244326e-9	0.0015313871770113688
4.729040282970536e-5	2.7564998042510263e-12	6.923796227341321e-9	0.0013415533250252581
3.344160936841143e-5	1.2253748108366896e-12	4.991612498567206e-9	0.0011827443753447495
2.3247983435945803e-5	5.255340232233422e-13	3.492862826833077e-9	0.0010229169642169298
1.6216676568687117e-5	2.2394876688802655e-13	2.4746132873537135e-9	0.0008976367944515756
1.1463900530200216e-5	9.856261708279388e-14	1.8188011542870504e-9	0.0007992580745123025
7.918222717436296e-6	4.1845765234637745e-14	1.2631324471926782e-9	0.0006880436628358018
5.36532177775584e-6	1.725483182501903e-14	8.932392816924252e-10	0.0005880805583632458
3.68082575035817e-6	7.061345138230141e-15	6.211869777329996e-10	0.0005168864926557164
2.4998072952276076e-6	2.8307584934982823e-15	4.4873840300778634e-10	0.00044320019011359206
1.6880632985708634e-6	1.0870806586000466e-15	3.1639009151849264e-10	0.0003833782431651061
1.1198352014914148e-6	3.760436808571193e-16	2.2106589305830524e-10	0.0003260358255116508
7.441415825576499e-7	6.439240090751171e-17	1.5906815188773607e-10	0.0002829373230772834
4.861969153115184e-7	-4.53731333071972e-17	1.0996359933215652e-10	0.00024032980249779582
3.162990037351173e-7	-5.621624627723901e-17	7.562299360629617e-11	0.00020392490985555092
2.0193414424168106e-7	-6.686781696172967e-17	5.379369888476323e-11	0.00017195866030896714
1.2749064343867862e-7	-7.672783292391173e-17	3.7504036314257046e-11	0.000145606215039932
7.884110803460607e-8	-4.9671270083273384e-17	2.5411705355716707e-11	0.00012056307832451696
4.871432398042526e-8	-4.8553401398999603e-17	1.7881980186319344e-11	0.0001022008710623666
2.9575097668830096e-8	-3.7295051766065644e-17	1.2263574949474834e-11	8.464425523746811e-5
1.7927547225455598e-8	-5.842355084268964e-17	8.745470151883886e-12	7.149171969767626e-5
1.0756452904402124e-8	-2.7357886830354615e-17	5.718575348613592e-12	5.881009882110957e-5
6.430549198820905e-9	-5.563508784876561e-17	4.178324792031486e-12	4.968592942418735e-5
3.7713362900429374e-9	-2.6391382710337305e-17	2.746073262504053e-12	4.030591956626382e-5
2.192846348741977e-9	-1.410284423009725e-17	1.8968254058807306e-12	3.3268451106042726e-5
1.281639203397441e-9	-2.6299097769033338e-17	1.3208240822203208e-12	2.7933548051000102e-5
7.346747463800841e-10	-3.254205409479627e-17	9.096785257096373e-13	2.2747941198231664e-5
4.1908233837478153e-10	-4.4136984713528036e-17	6.284504433825269e-13	1.8818873606974055e-5
2.366261837188662e-10	-1.980357481173459e-17	4.139086235695226e-13	1.5221633780029992e-5
1.3340976822604104e-10	-1.547123337893029e-17	2.846436946606794e-13	1.2572331727279925e-5
7.306562855182416e-11	-3.3877102469298913e-18	1.9144337244334012e-13	9.963347498143592e-6
4.029057117911461e-11	3.200931113962675e-18	1.2756959883684426e-13	8.196091960874104e-6
2.2065514792111146e-11	5.986170525280215e-18	8.665704951935782e-14	6.62940261250399e-6
1.1925234956082975e-11	8.149354146181982e-18	5.783374119307061e-14	5.290025666199245e-6
6.411174418651816e-12	7.179244781419648e-18	3.95778120670725e-14	4.293124450456309e-6
3.3898543401754355e-12	7.704742112453977e-18	2.5357965410114755e-14	3.370402240004069e-6
1.7870464077852101e-12	9.082084632550327e-18	1.727551300390064e-14	2.7175137666027317e-6
9.38768786683794e-13	1.0239756352653473e-17	1.1642895922578522e-14	2.179539591009681e-6
4.921022592679365e-13	9.56033165503022e-18	7.707530760241157e-15	1.7358648391063113e-6
2.5602497186305793e-13	9.543655026302877e-18	5.103950749840901e-15	1.3761835137836265e-6
1.3159255045237016e-13	9.345755058139068e-18	3.405586830751776e-15	1.0899872854596764e-6
6.744619490034515e-14	6.969669291154295e-18	2.2174254579738828e-15	8.629233875135087e-7
3.441695311648549e-14	6.8479440615017244e-18	1.509638263915342e-15	6.939832115621406e-7
1.7492214299535467e-14	7.603837309460967e-18	1.0430664483238394e-15	5.786313937298787e-7
8.650469177957371e-15	3.65056720582772e-18	8.117570195502203e-16	5.280624302118732e-7
